FAMILY	SPECIES	Code	F.B.	N-F.B	BM	HL	dpL	bcL	deHW	dHW	UL	peUW	deUW	dUW	RL	dRW	CmL	CmW	DCmW	FL	dFWml	dFWcc	TL	TmL
Anatidae	Cygnus olor	56584	CF	A	0,9143	2,4216	1,9021	1,5454	1,5244	1,1793	2,4010	1,2445	1,3202	1,0261	2,3771	0,8943	2,1015	0,8432	1,0849	1,9790	1,0523	0,9777	2,2818	2,0073
	C. olor	56585	CF	A	0,9750	2,4399	1,9342	1,5760	1,5410	1,2082	2,4196	1,3359	1,3477	1,0294	2,4009	0,8927	2,1153	0,8537	1,1048	1,9955	1,0257	0,9800	2,3102	2,0183
	C. olor	87398	CF	A	0,9590	2,4580	1,8884	1,6003	1,5546	1,2039	2,4197	1,3066	1,3746	1,0558	2,4025	0,9191	2,1235	0,8802	1,1146	2,0256	1,0546	0,9750	2,3166	2,0446
	Anser albifrons	48226	CF	A	0,3222	2,1533	1,6117	1,3310	1,3316	0,9908	2,1380	1,1042	1,1535	0,8727	2,1107	0,6803	1,9156	0,6730	0,9600	1,8471	0,8494	0,8439	2,1126	1,8630
	A. albifrons	48227	CF	A	0,3655	2,1568	1,6145	1,3522	1,3197	0,9854	2,1373	1,0821	1,1620	0,8727	2,1143	0,6964	1,9044	0,6998	0,9694	1,8370	0,8639	0,8338	2,0824	1,8193
	Branta canadensis	36218	CF	A	0,5735	2,2425	1,7065	1,4385	1,3959	1,0770	2,2122	1,1489	1,2472	0,9881	2,1826	0,7709	1,9845	0,7889	1,0737	1,9226	0,9395	1,0030	2,1884	1,9345
	Anas platyrhynchos	54021	CF	A	0,0607	1,9585	1,3290	1,1738	1,1553	0,8645	1,9009	0,9263	1,0090	0,7152	1,8614	0,4757	1,7628	0,6355	0,9036	1,6922	0,6294	0,6884	1,9121	1,6358
	A. platyrhynchos	56923	CF	A	0,0154	1,9683	1,3560	1,1538	1,1547	0,8414	1,8969	0,9370	1,0154	0,7284	1,8614	0,5038	1,7590	0,5933	0,8960	1,7064	0,6314	0,7243	1,9138	1,6516
	A. platyrhynchos	56924	CF	A	0,0116	1,9488	1,3062	1,1617	1,1183	0,8082	1,8806	0,9474	1,0043	0,7118	1,8440	0,5038	1,7393	0,5977		1,6941	0,6042	0,6920	1,9159	1,6450
	A. platyrhynchos	56702	CF	A	0,1139	1,9973	1,3653	1,2111	1,1807	0,8657	1,9277	0,9581	1,0414	0,7709	1,8945	0,5391		0,6749		1,7262	0,6684	0,7634	1,9483	1,6486
	Anas strepera	32180	CF	A	-0,1947	1,9490	1,3187	1,1222	1,1297	0,8312	1,8829	0,9170	1,0060	0,7275	1,8461	0,4409	1,7441	0,5977	0,8727	1,6694	0,5682	0,6929	1,9089	1,6102
	A. strepera	33966	CF	A	-0,0926	1,9553	1,3257	1,1682	1,1572	0,8432	1,8872	1,0000	1,0069	0,7459	1,8509	0,4900	1,7524	0,5877	0,8954	1,6721	0,5694	0,6365	1,9211	1,6299
	A. strepera	65153	CF	A	-0,0768	1,9499	1,3316	1,1065	1,1086	0,8062	1,8851	0,9370	0,9970	0,7118	1,8492	0,4757	1,7483	0,5705	0,8698	1,6715	0,6010	0,6803	1,8980	1,6182
	A. strepera	37537	CF	A	-0,0526	1,9211	1,3090	1,1287	1,1255	0,8182	1,8486	0,9360	1,0022	0,7135	1,8233	0,4771	1,7103	0,5866	0,8943	1,6320	0,5821	0,6405	1,8770	1,5893
	Anas crecca	56976	CF	A	-0,4547	1,7800	1,1732	0,9042	0,9661	0,6263	1,7212	0,7917	0,8451	0,5786	1,6846	0,3560	1,5649	0,4639	0,7664	1,5270	0,4548	0,5366	1,7696	1,4914
	A. crecca	*23614	CF	A	-0,5229	1,7649	1,1578	0,9196	0,9666	0,6415	1,7088	0,7243	0,8274	0,5659	1,6687	0,2148	1,5654	0,4518	0,7177				1,7569	1,4796
	A. crecca	33113	CF	A	-0,4503	1,7454	1,1590	0,9330	0,9479	0,6454	1,6788	0,7226	0,8195	0,5289	1,6418	0,2945	1,5444	0,4166	0,7235	1,4990	0,4014	0,4969	1,7330	1,4608
	A. crecca	59245	CF	A	-0,4461	1,7601	1,1300	0,9180	0,9886	0,6222	1,6971	0,7574	0,8312	0,5416	1,6595	0,3304	1,5648	0,4362	0,7308	1,5079	0,4639	0,5106	1,7693	1,4767
	A. crecca	85409	CF	A	-0,5157	1,7553	1,1245	0,9090	0,9430	0,6385	1,6964	0,7966	0,8162	0,5302	1,6605	0,3096	1,5569	0,4048	0,7348	1,5115	0,4233	0,4886	1,7517	1,4600
	A. crecca	*23608	CF	A	-0,4318	1,7607	1,1764	1,0212	0,9647	0,6665	1,6932	0,7427	0,7388	0,5490	1,6556	0,1959	1,5532	0,4698	0,7308	1,5159	0,4564	0,4942	1,7684	1,4757
	A. crecca	*20421	CF	A	-0,4547	1,7640	1,1239	0,9170	0,9576	0,6840	1,7157	0,7292	0,8293	0,5922	1,6757	0,2529	1,5731	0,4814	0,7372	1,5177	0,4800	0,5052	1,7534	1,4803
	A. crecca	*23610	CF	A	-0,4168	1,7787	1,1729	0,9666	0,9741	0,6902	1,7089	0,7388	0,8451	0,5705	1,6775	0,2175	1,5780	0,4814	0,7490	1,5329	0,4669	0,5276		1,4968
	Aythya collaris	41673	CF	A	-0,1183	1,8783	1,2711	1,0546	1,0261	0,7110	1,8148	0,8293	0,9133	0,6263	1,7810	0,4099	1,6228	0,4757	0,7612	1,6336	0,6031	0,6637	1,8631	1,5369
	A. collaris	41670	CF	A	-0,0287	1,8909	1,2553	1,0715	1,0469	0,7380	1,8319	0,8513	0,9085	0,6294	1,8006	0,3892	1,6256	0,4997	0,7760	1,6428	0,5821	0,6415	1,8669	1,5352
	A. collaris	37018	CF	A	-0,1117	1,8858	1,2686	1,0386	1,0241	0,6739		0,7959	0,8675	0,6021	1,7889	0,3365	1,6240	0,4200	0,7292	1,6433	0,5263	0,6053	1,8561	1,5310
	A. collaris	41671	CF	A	-0,1141	1,8817	1,2679	1,0449	1,0492	0,6866	1,8230	0,8439	0,8943	0,6138	1,7900	0,3802	1,6233	0,4503	0,7316	1,6429	0,5855	0,6284	1,8662	1,5336
	Oxyura jamaicensis	33103	CF	A	-0,3769	1,8164	1,2240	0,9796	0,9350	0,5786	1,7560	0,7292	0,7634	0,4728	1,7292	0,2455	1,5236	0,3365	0,5922	1,5662	0,5366	0,5740	1,8083	1,4915
	O. jamaicensis	50060	CF	A	-0,2007	1,8466	1,2762	1,0298	0,9741	0,5966	1,7934	0,7738	0,8248	0,5132	1,7652	0,2967	1,5483	0,3927	0,6415	1,5944	0,4997	0,6395	1,8326	1,5306
	O. jamaicensis	46736	CF	A	-0,2182	1,8376	1,2521	1,0166	0,9552	0,5900	1,7755	0,7521	0,7868	0,5490	1,7466	0,2577	1,5405	0,3522	0,6263	1,6054	0,5900	0,5999	1,8330	1,5265
	O. jamaicensis	36954	CF	A	-0,3344	1,8380	1,2538	0,9754	0,9335	0,6335	1,7751	0,6902	0,7738	0,5159	1,7532	0,2900	1,5256	0,3617	0,6274	1,6044	0,5366	0,6304	1,8414	1,5163
	Tadorna tadorna	56439	CF	A	0,0000	2,0105	1,4451	1,2111	1,1821	0,8445		0,9908	1,0766	0,7634	1,9533	0,5635	1,7813	0,6599	0,9159	1,7244	0,6794	0,7177	1,9911	1,7480
	T. tadorna	56454	CF	A	-0,0132	1,9887	1,3995	1,1670	1,1617	0,8332	1,9601	0,9590	1,0191	0,7042	1,9308	0,5276	1,7502	0,6021	0,8663	1,6912	0,7050	0,7536	1,9463	1,6983
	T. tadorna	59707	CF	A	-0,0223	1,9819	1,4327	1,2212	1,1602	0,8519	1,9596	0,9289	1,0430	0,7412	1,9322	0,4997	1,7607	0,5966	0,8971	1,6772	0,7185	0,7619	1,9660	1,7133
	T. tadorna	56451	CF	A	-0,0506	1,9922	1,4264	1,1898	1,1623	0,8261	1,9746	0,9420	1,0453	0,7657	1,9442	0,5079	1,7801	0,5911	0,8837	1,6987	0,6365	0,7582	1,9617	1,7152
	Mergus merganser	35937	CF	A	0,1205	1,9765	1,3589	1,1526	1,1443	0,8407	1,9008	0,9445	1,0310	0,7536	1,8711	0,5106	1,7586	0,6010	0,8627	1,7243	0,6730	0,8028	1,9842	1,6931
	M. merganser	33031	CF	A	0,0453	1,9301	1,3547	1,0938	1,0853	0,7903	1,8550	0,9196	0,9978	0,6929	1,8228	0,4669	1,7106	0,5224	0,8222	1,6670	0,6590	0,7796	1,9345	1,6574
	M. merganser	35936	CF	A	0,1143	1,9279	1,3231	1,1089	1,1055	0,7701		0,9020	0,9934	0,7024	1,8153	0,4654	1,7126	0,5587	0,8633	1,6661	0,6712	0,7846	1,9329	1,6538
	M. merganser	36165	CF	A	0,1340	1,9716	1,3647	1,1529	1,1691	0,8332	1,8947	0,9415	1,0515	0,7716	1,8625	0,5391	1,7577	0,5955	0,8579	1,7145	0,6580	0,7774	1,9781	1,6919
Megapodidae	Megapodius freycinet	60186	CF	TG	-0,0915	1,8710	1,2615	1,1278	1,1626	0,8351	1,9222	0,9380	0,9415	0,6523			1,5895	0,4983		1,8392	0,8156	0,8414	2,0223	1,8575
	M. freycinet	60327	CF	TG	-0,0655	1,8687	1,2951	1,1278	1,1405	0,8248	1,8987	0,9304	0,9395	0,6929	1,8629	0,4116	1,5905	0,5159	0,8457	1,8312	0,8089	0,7627	1,9820	1,8259
	M. freycinet	63063	CF	TG	-0,2480	1,8563	1,3010	1,1149	1,1242	0,7604		0,9186	0,9217	0,6474	1,8490	0,3598	1,5649	0,4233	0,7945	1,8143	0,7528	0,7716		1,8050
Meleagridae	Meleagris gallopavo	43397	CF	TG	0,5866	2,0786	1,5007	1,2732	1,4130	1,0931	2,0788	1,1841	1,1931	0,9494	2,0309	0,6253	1,7838	0,6812	1,1405	2,0455	1,0048	0,9430	2,2579	2,0935
	M. gallopavo	43398	CF	TG	0,9240	2,1874	1,6043	1,4666	1,5017	1,1790	2,1791	1,2943	1,2920	1,0183	2,1303	0,7694	1,8746	0,8075	1,2256	2,1430	1,1109	1,0599	2,3619	2,2007
	M. gallopavo	59381	CF	TG	0,5582	2,0896	1,5363	1,3426	1,4262	1,1196	2,0793	1,2162	1,2114	0,9576	2,0338	0,6435	1,8151	0,7059	1,1261	2,0661	1,0656	0,9713	2,2802	2,1233
	M. gallopavo	62726	CF	TG	0,6569	2,1055	1,5150	1,3541	1,4406	1,1235	2,1018	1,2135	1,2269	0,9768	2,0509	0,6464	1,8058	0,7427	1,1620	2,0672	1,0099	0,9868		2,1124
Tetraonidae	Lagopus lagopus	58894	CF	TG	-0,2090	1,7871	1,1824	0,9657	1,0756	0,7657	1,7714	0,9101	0,9294	0,6160	1,7235	0,3522	1,5099	0,5024	0,8432	1,7983	0,6415	0,6444	1,9041	1,6043
	L. lagopus	58895	CF	TG	-0,2328	1,7866	1,1650	1,0318	1,0584	0,7782	1,7597	0,9299	0,8831	0,6523	1,7089	0,3579	1,5126	0,4886	0,8306	1,7785	0,6955	0,7033	1,8728	1,5854
	L. lagopus	58896	CF	TG	-0,2403	1,7835	1,1569	1,0406	1,0599	0,7551	1,7448	0,8797	0,8727	0,6064	1,7037	0,3181	1,4793	0,4564	0,7868	1,7735	0,6425	0,6395	1,8800	1,5739
	L. lagopus	79851	CF	TG	-0,2310	1,8011	1,1973	1,0224	1,0689	0,7619	1,7745	0,9042	0,9207	0,6284	1,7256	0,3979	1,5240	0,4624	0,8332	1,8114	0,6955	0,6730	1,9185	1,6276
	Tetrao parvirostris	44017	CF	TG	0,1761	1,9989	1,3860	1,1532	1,2753	0,9628	1,9964	1,0817	1,0969	0,8122	1,9502	0,5900	1,7212	0,6637	1,0158	1,9366	0,8500	0,8395	2,0310	1,7414
	T. parvirostris	51609	CF	TG	0,4829	2,0947	1,4664	1,3002	1,3722	1,0803	2,0927	1,1781	1,1962	0,9370	2,0504	0,6675	1,8184	0,7860	1,1229	2,0367	0,9685	0,9895	2,1187	1,8411
	T. parvirostris	51655	CF	TG	0,2788	2,0021	1,4110	1,1917	1,2833	0,9694	1,9970	1,0835	1,1045	0,8274	1,9477	0,5740	1,7232	0,6712	1,0302	1,9361	0,8739	0,8681	2,0299	1,7466
	T. parvirostris	60001	CF	TG	0,4456	2,0938	1,5118	1,2962	1,3644	1,0792	2,0927	1,1661	1,1830	0,9284	2,0529	0,6542	1,8054	0,8176	1,1261	2,0351	0,9614	0,9912	2,1288	1,8410
Phasianidae	Perdix perdix	56877	CF	TG	-0,2757	1,7010	1,1048	0,9814	1,0069	0,6684	1,6601	0,7903	0,8096	0,5694	1,6146	0,2601	1,4181	0,3692	0,7544	1,7475	0,6222	0,6117	1,8451	1,6360
	P. perdix	56882	CF	TG	-0,4179	1,7012	1,0839	0,9469	0,9791	0,6444	1,6491	0,8089	0,8102	0,5563	1,6015	0,2253	1,4103	0,3464	0,7551	1,7458	0,6096	0,5977	1,8436	1,6124
	P. perdix	58115	CF	TG	-0,4295	1,6974	1,1059	0,8344	0,9877	0,6693	1,6612	0,8401	0,8096	0,5416	1,6128	0,2504	1,4143	0,3598	0,7466	1,7579	0,6335	0,6263	1,8524	1,6201
	P. perdix	58116	CF	TG	-0,3936	1,6740	1,0581	0,9680	0,9890	0,6551	1,6350	0,7846	0,8075	0,5611	1,5841	0,2695	1,4088	0,3636	0,7753	1,7208	0,5832	0,5966	1,8337	1,6079
	Cotournix cotournix	53188	CF	TG	-1,0580	1,5130	0,7924	0,6902	0,6964	0,3560	1,4469	0,6021	0,5224	0,3464	1,4111	-0,0362	1,2391	0,1367	0,5159	1,5438	0,3304	0,3243	1,6258	1,4065
	C. cotournix	61354	CF	TG	-0,9957	1,5211	0,8831	0,6590	0,7427	0,4150	1,4570	0,6284	0,5821	0,3503	1,4103	0,0294	1,2558	0,1818	0,4942	1,5395	0,3979	0,4031	1,6256	1,4104
	C. cotournix	61366	CF	TG	-0,9872	1,5443	0,8797	0,6803	0,7412	0,4183	1,4953	0,5988	0,5775	0,4533	1,4556	0,0645	1,2958	0,2148	0,5238	1,5798	0,4014	0,4133		1,4417
	C. cotournix	64806	CF	TG	-1,0200	1,5477	0,8831	0,7093	0,7459	0,3892					1,4499	0,0374	1,2806	0,2041	0,5453	1,5611	0,3579	0,3503	1,6544	1,4400
Podicipedidae	Podiceps nigricollis	35731	CF	A	-0,4728	1,8294	1,2276	0,9175	0,8235	0,4548	1,7882	0,6551	0,6542	0,4150	1,7783	0,1430	1,4823	0,2504	0,5328	1,4713	0,4487	0,5623	1,8684	1,6087
	P. nigricollis	35732	CF	A	-0,3502	1,8453	1,3122	0,9138	0,8376	0,5798	1,8054	0,6758	0,6767	0,4609	1,7923	0,2553	1,4954	0,2967	0,5224	1,5007	0,5391	0,6128	1,9075	1,6309
	P. nigricollis	35734	CF	A	-0,3963	1,8361	1,2049	0,8904	0,8248	0,5065	1,7918	0,6454	0,6758	0,4281	1,7808	0,2504	1,4817	0,2718	0,4900	1,5139	0,4843	0,5647	1,8906	1,6078
	P. nigricollis	35736	CF	A	-0,4351	1,8307	1,2109	0,8555	0,8215	0,5328	1,7946	0,6561	0,6785	0,4233	1,7848	0,2330	1,4871	0,2878	0,5185				1,8951	1,6146
	Podiceps cristatus	46892	CF	A	-0,0022	2,0170	1,4050	1,0461	1,0233	0,7267	1,9819	0,8432	0,8407	0,6222	1,9690	0,4914	1,6548	0,4099	0,6523	1,6199	0,7152	0,7745	2,0629	1,7846
	P. cristatus	56440	CF	A	-0,0066	2,0015	1,3879	1,0282	0,9845	0,6857	1,9637	0,8280	0,8189	0,6170	1,9508	0,4065	1,6503	0,4314	0,6464	1,6080	0,6675	0,7210	2,0605	1,7795
	P. cristatus	47186	CF	A	0,0969		1,4373	1,0599	1,0531		2,0126	0,8893	0,8507	0,6730	2,0022	0,4997	1,6856	0,4669	0,6831	1,6477	0,7226	0,7657	2,1048	1,8305
	Aechmophorus clarkii	42998	CF	A	0,1156	2,0611	1,5598	1,0741	1,0398	0,7177	2,0167	0,8482	0,8445	0,6831	2,0043	0,4378	1,7084	0,4684	0,6739	1,6590	0,7284	0,8116	2,1459	1,8699
	A. clarkii	44677	CF	A	0,1106	2,0599	1,4826	1,0599	1,0310	0,6646	2,0159	0,8357	0,8312	0,6212	2,0067	0,4150	1,7013	0,4425	0,6628	1,6477	0,7235	0,8048	2,1524	1,8723
	A. clarkii	54950	CF	A	0,0086	2,0650	1,5478	1,0488	1,0453	0,6628	2,0117	0,8306	0,8222	0,5911	2,0023	0,3385	1,6943	0,3892	0,6325	1,6635	0,7118	0,8096	2,1461	1,8808
	A. clarkii	76789	CF	A	-0,0726	2,0502	1,5037	1,0792	1,0086	0,6618	1,9985	0,8176	0,7860	0,6064	1,9903	0,4669	1,6944	0,4518	0,6599	1,6435	0,7042	0,7694	2,1330	1,8499
	Tachybaptus ruficollis	*18646	CF	A	-0,7570	1,8241	1,1688	0,8525	0,7709	0,4969	1,7882	0,6646	0,6730	0,4518	1,7797	0,1761	1,4496	0,2672	0,4814	1,4880	0,4579	0,5717	1,8637	1,6120
Pteroclidae	Syrrhaptes paradoxus	57849	CF	TG	-0,5638	1,6038	1,0785	0,8814	0,9494	0,6444	1,6535	0,7889	0,8129	0,6212	1,6046	0,3324	1,4298	0,3909	0,8319	1,5837	0,5403	0,5263	1,6985	1,3516
	S. paradoxus	59831	CF	TG	-0,5935	1,6319	1,1173	0,9533	0,9745	0,6375	1,6762	0,7945	0,8414	0,5832	1,6281	0,3503				1,6037	0,5276	0,5238	1,6998	1,3522
	S. paradoxus	59841	CF	TG	-0,5719	1,6209	1,1062	0,8722	0,9624	0,6355	1,6587	0,8048	0,7973	0,5563	1,6154	0,2765	1,4414	0,3838	0,7882	1,5769	0,5011	0,4955	1,6809	1,3491
	S. paradoxus	59842	CF	TG	-0,5884	1,6212	1,0611	0,8573	0,9881	0,6484	1,6669	0,8062	0,7860	0,5575	1,6226	0,3345		0,3997		1,5904	0,5453	0,5416	1,6949	1,3430
Columbidae	Ptilinopus regina	62874	FG	TN	-0,8706	1,4804	0,9170	0,7419	0,8432	0,4800	1,5623	0,6375	0,6365	0,3997	1,5175	0,1584	1,3045	0,1732	0,6474	1,4553	0,3766	0,3385	1,4964	1,3290
	P. regina	62961	FG	TN	-1,0079	1,4703	0,9170	0,7177	0,8338	0,5011	1,5413	0,6042	0,6464	0,4346	1,4962	0,2068	1,3038	0,1761		1,4331	0,3927	0,3820	1,5489	1,3115
	P. regina	62976	FG	TN	-1,1079	1,4874	0,8998	0,7846	0,8494	0,4900	1,5530	0,6561	0,6415	0,3820			1,3183	0,1818	0,6749	1,4475	0,3541	0,3365	1,5580	1,3135
	P. regina	62962	FG	TN	-0,9893	1,4901	0,8831	0,7505	0,8543	0,4728	1,5552	0,6345	0,6222	0,3692	1,5095	0,1139	1,3241	0,1584	0,6435	1,4661	0,3284	0,3139	1,5834	1,3532
	Ducula rubricera	63171	FG	TN	-0,1871	1,7762	1,1847	1,0326	1,1342	0,7612	1,8412	0,9410	0,9315	0,6730	1,7926	0,4472	1,5807	0,4609	0,9440	1,7196	0,5988	0,6138	1,8220	1,5333
	D. rubricera	58730	FG	TN	-0,1805	1,7800	1,2470	1,0406	1,1468	0,7818	1,8460	0,9676	0,9590	0,6911	1,7992	0,4857	1,5813	0,4639	0,9269	1,7096	0,6767	0,6444	1,8093	1,5358
	D. rubricera	63088	FG	TN	-0,1938	1,7652	1,2109	0,9791	1,1176	0,7825		0,9420	0,9370	0,6803	1,7701	0,4409	1,5638	0,4579	0,9165	1,7011	0,6375	0,6335	1,7990	1,5104
	D. rubricera	76370	FG	TN	-0,2441	1,7545	1,1984	0,9996	1,1332	0,7559	1,8161	0,9445	0,9315	0,6365	1,7704	0,4183	1,5555	0,4116	0,9112	1,6920	0,6010	0,5999	1,8083	1,5087
	Columba rupestris	59754	FG	TG	-0,5258	1,6530	1,1303	0,8971	1,0338	0,7059	1,7091	0,7924	0,8149	0,6031	1,6679	0,3674	1,4911	0,4548	0,8716	1,6065	0,5623	0,5378	1,7367	1,4749
	C. rupestris	59755	FG	TG	-0,6308	1,6405	1,1235	0,8987	1,0278	0,6739	1,6970	0,8041	0,8149	0,5944	1,6582	0,3160	1,4908	0,4265	0,8859	1,5987	0,5539	0,4843	1,7364	1,4532
	C. rupestris	59986	FG	TG	-0,6198	1,6298	1,0726	0,8537	1,0069	0,6684	1,6895	0,7846	0,8069	0,5786	1,6535	0,3032	1,4802	0,4200	0,8669	1,5834	0,5250	0,4969	1,7332	1,4510
	C. livia	56846	FG	TG	-0,4685	1,6597	1,1449	0,9212	1,0445	0,7459	1,7326	0,8768	0,8633	0,6335	1,6858	0,3909	1,5317	0,4518	0,8960	1,6185	0,5798	0,5453	1,7581	1,4943
	C. livia	66264	FG	TG	-0,6108	1,6394	1,0878	0,8791	1,0265	0,6875	1,7139	0,8627	0,8395	0,5763	1,6671	0,3139	1,5115	0,3945	0,8525	1,5928	0,5289	0,4955	1,7394	1,4669
	C. livia	76161	FG	TG	-0,6162	1,6426	1,1126	0,8949	1,0216	0,6875	1,7214	0,8209	0,8407	0,5966	1,6821	0,3655	1,5131	0,4265	0,8710	1,6040	0,5391	0,5024	1,7418	1,4833
Podargidae	Podargus strigoides	57500	CF	TN	-0,5986	1,9012	1,4093	0,9773	1,1486	0,7101	1,9685	0,8808	0,9370	0,5944	1,9382	0,4609	1,5813	0,4014	0,8910	1,6157	0,4983	0,5224	1,8400	1,4900
	P. strigoides	62802	CF	TN	-0,5258	1,9148	1,3985	1,0137	1,1529	0,7356	1,9873	0,8785	0,9380	0,6263	1,9631	0,3962	1,6153	0,4393	0,8976	1,6516	0,5340	0,5611	1,8646	1,5379
	P. strigoides	62983	CF	TN	-0,6517	1,8743	1,3888	0,9310	1,1136	0,6849	1,9419	0,8089	0,8780	0,5366	1,9152	0,3820	1,5591	0,3243	0,8439	1,5864	0,4786	0,5238	1,8307	1,4373
	P. strigoides	79150	CF	TN	-0,3665	1,9171	1,3826	1,0370	1,1752	0,7612	1,9869	0,9112	0,9238	0,6253	1,9590	0,4425	1,6011	0,4048	0,8825	1,6320	0,5502	0,5563	1,8559	1,5171
Caprimulgidae	Chordeiles minor	59297	FG	TN	-1,1871	1,5991	1,0406	0,7559	0,8122	0,4829	1,6890	0,6325	0,6955	0,4048	1,6680	0,1492		0,2253		1,3202	0,1959	0,1987	1,4527	1,1679
	C. acutipennis	48336	FG	TN	-1,2790	1,5510	1,0141	0,7490	0,8014	0,4609	1,6675	0,6075	0,6503	0,3945	1,6410	0,0253	1,4165	0,1614	0,6096	1,2995	0,1553	0,2095		1,1807
	Caprimulgus carolinensis	48003	FG	TN	-0,9205	1,6360	1,0990	0,8525	0,9415	0,5855	1,7393	0,7284	0,7619	0,4425	1,7077	0,1072	1,4535	0,2430	0,7185	1,4376	0,2900	0,3284	1,5638	1,2667
	C. carolinensis	84731	FG	TN	-0,9469	1,6366	1,1176	0,8007	0,9122	0,6375	1,7392	0,7093	0,7846	0,4843	1,7112	0,2095	1,4462	0,2878		1,4237	0,3541	0,3945	1,5640	1,2705
	C. carolinensis	87389	FG	TN	-1,0061	1,6441	1,1281	0,8603	0,9269	0,5855	1,7334	0,6866	0,7753	0,4440	1,7090	0,1106	1,4327	0,3096	0,6866	1,4387	0,3385	0,3711	1,5735	1,2667
Hemiprocnidae	Hemiprocne mystacea	60348	FG	TN	-1,2403	1,3522	0,9657	0,7243	0,8007	0,4886	1,4161	0,5453	0,6335	0,3909	1,3820	0,0086	1,2951	0,3304	0,6703	1,2514	0,1644	0,1903	1,3426	0,9638
	H. mystacea	63244	FG	TN	-1,1884	1,3675	0,9547	0,7612	0,7882	0,4698	1,4223	0,5211	0,6274	0,3874	1,3992	0,0294	1,3066	0,2945	0,6493				1,3404	0,9736
Apodidae	Hirundapus caudacutus	46916	FG	TN	-0,9431	1,2767	0,8987	0,7938	0,8195	0,7356	1,4118	0,6812	0,7731	0,5289	1,3908	0,1987		0,5843		1,4535	0,3909	0,3909	1,6054	1,2335
	H. caudacutus	47230	FG	TN	-0,9158	1,2428	0,8686	0,8228	0,8075	0,7451	1,3986	0,6628	0,7482	0,5106	1,3668	0,1492	1,4331	0,5366	0,7396	1,4294	0,3032	0,3711	1,5693	1,2098
	H. caudacutus	47231	FG	TN	-0,9706	1,2084	0,8274	0,7903	0,7753	0,6812	1,3606	0,6425	0,7497	0,4684	1,3420	0,1673	1,4019	0,5315	0,7284	1,4148	0,2810	0,3222	1,5726	1,1917
	H. caudacutus	47345	FG	TN	-0,9245	1,2350	0,8751	0,7505	0,8062	0,6972	1,3655	0,6263	0,7284	0,4800	1,3401	0,1847	1,4005	0,5752	0,7435	1,4268	0,3139	0,3838	1,5570	1,2039
	Apus pacificus	43829	FG	TN	-1,4271	1,0777	0,7574	0,6590	0,7118	0,5575	1,2785	0,5403	0,6222	0,3054	1,2425	-0,0177	1,3019	0,3820	0,6385	1,2460	0,1461	0,1614		
	A. pacificus	43830	FG	TN	-1,4271	1,0626	0,7324	0,6212	0,7033	0,5515	1,2608	0,4955	0,6064	0,3598	1,2299	0,0531	1,2860	0,3766	0,6532	1,2655	0,1492	0,1732	1,4033	1,0354
	A. pacificus	44398	FG	TN	-1,4559	1,0626	0,6981	0,5988	0,6964	0,5328	1,2507	0,4639	0,5866	0,3483	1,2135	0,0212	1,2760	0,3784	0,6444	1,2355	0,1673	0,1492	1,3793	1,0013
	A. pacificus	46958	FG	TN	-1,3893	1,0674	0,7160	0,6201	0,7024	0,5428	1,2465	0,4472	0,5659	0,2695	1,2138	-0,0269	1,2639	0,3424	0,6149	1,2487	0,1461	0,1703	1,3909	0,9948
Aegothelidae	Aegotheles cristatus	62801	CF	TN	-1,4572	1,4338	0,8904	0,5563	0,7832	0,3263	1,5501	0,4346	0,5798	0,2455	1,5196	-0,0862	1,2548	0,1644	0,5315	1,3168	0,2279	0,2122		1,3806
	A. cristatus	62800	CF	TN	-1,3326	1,4694	0,9058	0,5843	0,7745	0,3365	1,5765	0,4814	0,4503	0,2305	1,5451	-0,1675	1,2529	0,1106	0,5587	1,3535	0,2201	0,1673	1,6018	1,3988
Cuculidae	Centropus milo	66047	CF	TG	-0,1024	1,7534	1,1411	0,9217	1,0878	0,6803	1,6659	0,8129	0,8096	0,6675	1,6189	0,3729	1,3988	0,3444	0,8555	1,8681	0,8287	0,7789	2,0500	1,8662
	Eudynamus scolopacea	62904	CF	TG	-0,6180	1,7366	1,1464	0,8470	1,0618	0,6721	1,7122	0,8169	0,8376	0,6128	1,6636	0,3202	1,4071	0,3243	0,7931	1,6401	0,5340	0,4942		1,5467
	E. scolopacea	64911	CF	TN	-0,6262	1,6926	1,1658	0,7152	1,0052	0,5866	1,6800	0,7316	0,7860	0,5378	1,6447	0,3118	1,3740	0,3365	0,7544	1,6055	0,4886	0,4814	1,7604	1,5449
	E. scolopacea	64912	CF	TN	-0,8063	1,7201	1,1816	0,7853	0,9965	0,6053	1,6965	0,7767	0,7825	0,5453	1,6534	0,1461	1,3953	0,3598	0,7679	1,6450	0,5211	0,4983	1,7892	1,5657
	Cuculus canorus	56572	CF	TN	-0,9788	1,5837	1,0645	0,7679	0,9299	0,5575	1,5992	0,7067	0,7396	0,4503	1,5599	0,2175	1,3092	0,2381	0,6998	1,4458	0,3444	0,3243	1,5866	1,3583
	C. canorus	56781	CF	TN	-0,9281	1,5956	1,1209	0,7853	0,9263	0,6253			0,7566	0,4997	1,5829	0,2381	1,3454	0,3032	0,7619	1,4623	0,3711	0,3617	1,5881	1,3555
	C. canorus	58077	CF	TN	-0,9454	1,5927	1,0924	0,8182	0,9310	0,5705	1,6134	0,7419	0,7451	0,4771	1,5805	0,2201	1,3300	0,2504	0,6990	1,4542	0,3541	0,3404	1,5969	1,3501
	C. canorus	59705	CF	TN	-0,8416	1,6074	1,1235	0,7597	0,9227	0,5843	1,6246	0,6998	0,7559	0,5198	1,5910	0,2381	1,3504	0,3181	0,7679	1,4663	0,3945	0,3541	1,6074	1,3789
	Coccyzus americanus	47999	CF	TN	-1,4012	1,4773	0,8579	0,6325	0,7627	0,4099	1,4809	0,5403	0,5647	0,3444	1,4398	-0,0862	1,1981	0,1106	0,5944	1,4513	0,2742	0,2856	1,6009	1,4299
	C. americanus	54762	CF	TN	-1,2211	1,4997	0,9671	0,5775	0,7825	0,4281	1,4809	0,5453	0,6010	0,3503	1,4403	-0,0862	1,2006	0,1461	0,6212	1,4773	0,3222	0,3181		1,4442
	C. americanus	54994	CF	TN	-1,0017	1,4706	0,9430	0,6675	0,8096	0,4150	1,4672	0,5315	0,5527	0,3304	1,4250	-0,0223	1,1790	0,1106	0,5635	1,4495	0,3263	0,3054	1,5884	1,3675
	C. americanus	54997	CF	TN	-1,2993	1,4790	0,8971	0,6075	0,8235	0,4133	1,4667	0,5515	0,5694	0,3579	1,4317	0,0969	1,1679	0,1430	0,6284	1,4489	0,2878	0,2455	1,5917	1,4140
Gruidae	Grus canadensis	85110	S	TG	0,5441	2,0588	1,6950	1,3713	1,4539	1,1113		1,2193	1,1813	0,9330		0,8169	1,9504	0,7832	1,0519	2,0028	0,9890	0,9547	2,3161	2,2258
	G. canadensis	85111	S	TG	0,6233	2,2868	1,7404	1,3555	1,4515	1,1396	2,3280	1,2127	1,2114	0,9952	2,3060	0,8267	1,9779	0,7701	1,0674	2,0514	1,0137	0,9643	2,3969	2,3354
	G. canadensis	85112	S	TG	0,5999	2,2822	1,7497	1,3885	1,4368	1,1076	2,3483	1,1973	1,1895	0,9474	2,3312	0,7846	1,9753	0,7664	1,0378	2,0212	0,9805	0,9465	2,3568	2,3149
Otididae	Tetrax tetrax	64702	CF	TN	-0,1203	1,9470	1,4314	1,0026	1,1906	0,8395	1,9658	0,9796	0,9513	0,6693	1,9398	0,5198	1,6583	0,4669	0,8657	1,7654	0,7218	0,7372	1,9838	1,8028
Rallidae	Rallus aquaticus	*18802	CF	A	-1,2366	1,5211	0,7889	0,5587	0,6474	0,3202	1,4241	0,4548	0,4281	0,2529	1,3922	-0,0506	1,2676	0,1732	0,4048	1,5625	0,4099	0,4281	1,7583	1,5444
	Fulica atra	56917	CF	A	-0,2495	1,8711	1,2375	1,1222	0,9943	0,6243	1,8172	0,8162	0,7938	0,5966	1,7938	0,3784	1,6107	0,4378	0,7185	1,7483	0,6345	0,6929	2,0064	1,7613
	F. atra	56581	CF	TG	-0,0836	1,8822	1,2330	1,1541	1,0141	0,6590	1,8325	0,8156	0,8228	0,5955	1,8054	0,3802	1,6304	0,4594	0,6884	1,7592	0,6758	0,7101	2,0316	1,7875
	Gallicrex cinerea	64904	CF	TG	-0,7254	1,7318	1,0342	0,8976	0,9031	0,5185	1,7049	0,7235	0,7016	0,4564	1,6735	0,1931	1,5030	0,3010	0,6415	1,7275	0,5694	0,5539	1,9727	1,7700
	G. cinerea	64918	CF	TG	-0,5157	1,8353	1,1641	0,9509	1,0187	0,6253	1,8017	0,8267	0,7868	0,5659	1,7666	0,2856	1,6005	0,4265	0,7284	1,8160	0,6160	0,6304	2,0765	1,8991
	G. cinerea	64910	CF	TG	-0,4808	1,8056	1,1682	0,9661	0,9908	0,6355	1,7806	0,8041	0,7846	0,5775	1,7481	0,2923	1,5885	0,4330	0,7076	1,7880	0,6096	0,6064	2,0263	1,8496
	G. cinerea	64933	CF	TG	-0,7122	1,7523	1,0678	0,8971	0,9149	0,4983	1,7172	0,7284	0,7202	0,4997	1,6895	0,2355	1,5250	0,3617	0,6523	1,7448	0,5599	0,6010	1,9994	1,8053
	Porphyrio porphyrio	82829	CF	TG	0,0265	1,9600	1,2874	1,1440	1,1402	0,7513	1,9378	0,9335	0,9533	0,7300	1,9077	0,4639	1,7725	0,6444	0,9058	1,9326	0,7952	0,7931	2,1780	2,0287
	P. porphyrio	62805	CF	TG	-0,1255	1,9101	1,2760	1,1156	1,0817	0,7364	1,8794	0,9031	0,8993	0,6822	1,8440	0,4684	1,7145	0,5922	0,8463	1,8869	0,7443	0,7716	2,1387	1,9764
	P. porphyrio	63060	CF	TG	-0,1457	1,8709	1,2049	1,0527	1,0539	0,6972	1,8301	0,8567	0,8615	0,6513	1,7953	0,3874	1,6411	0,4886	0,7868	1,8822	0,7459	0,7259	2,1247	1,9370
Musophagidae	Tauraco corythaix	52920	CF	TN	-0,5086	1,6751	1,1984	0,8195	1,0569	0,5911	1,6361	0,7202	0,7152	0,4800	1,5977	0,2529	1,3339	0,3856	0,7451	1,7551	0,6902	0,6712	1,8891	1,6504
	Corythaixoides concolor	52910	CF	TN	-0,6635	1,6434	1,1951	0,7832	1,0618	0,6513	1,6444	0,6920	0,7202	0,5366	1,6078	0,3385	1,3420	0,3997	0,7202	1,5705	0,6138	0,5809	1,7613	1,5472
Gaviidae	Gavia adamsii	60479	CF	A	0,6284	2,2945	1,7760	1,3397	1,3013	0,9895	2,2048	1,1617	1,3379	0,9528	2,1948	0,6840	2,0150	0,7753	1,0362	1,7709	0,8300	0,9330	2,2937	1,9529
	G. adamsii	57001	CF	A	0,6675	2,2773	1,7883	1,3560	1,3245	0,9926	2,1816	1,1471	1,3135	0,9581	2,1676	0,6749	1,9997	0,8109	1,0461	1,7638	0,8274	0,9450	2,2795	1,9346
	G. adamsii	57002	CF	A	0,8109	2,3158	1,8205	1,4023	1,3694	1,0366	2,2288	1,2022	1,3744	0,9908	2,2252	0,7084	2,0458	0,8476	1,0835	1,7953	0,9133	0,9708	2,3150	1,9885
	G. adamsii	57003	CF	A	0,6345	2,2959	1,7927	1,3504	1,2817	0,9841	2,2012	1,1629	1,3581	0,9890	2,2003	0,7059	2,0173	0,7832	1,0542	1,7772	0,8739	0,9542	2,2940	1,9645
	G. adamsii	57004	CF	A	0,7451	2,3196	1,8118	1,3791	1,3276	1,0326	2,2355	1,1867	1,3487	0,9952	2,2306	0,7396	2,0493	0,8543	1,0763	1,8106	0,8573	0,9420	2,3242	2,0004
	G. stellata	44122	CF	A	0,1761	2,1356	1,6472	1,2125	1,1480	0,8445	2,0366	0,9768	1,0596	0,7993	2,0323	0,5786	1,8623	0,6484	0,8993	1,6103	0,7896	0,8791	2,1911	1,8645
	G. stellata	44259	CF	A	0,2672	2,1526	1,7534	1,2373	1,1807	0,8627	2,0569	0,9948	1,0966	0,7993	2,0521	0,5353	1,8813	0,6884	0,9258	1,6044	0,8287	0,9009	2,2259	1,8886
	G. stellata	44260	CF	A	0,1761	2,1045	1,7231	1,2408	1,1313	0,7825		0,9571	1,0846	0,7980	2,0207	0,4639	1,8490	0,5888		1,5616	0,6955	0,8267	2,1723	1,8340
	G. stellata	44261	CF	A	0,2305	2,1326	1,6623	1,2170	1,0899	0,8363	2,0412	0,9809	1,0759	0,8149	2,0362	0,5465	1,8556	0,6138	0,8774	1,6039	0,7597	0,8915	2,2043	1,8678
Diomedeidae	Diomedea immutabilis 	33201	S	A	0,3979	2,4046	1,6843	1,3606	1,3263	1,0306	2,3968	1,1547	1,1523	0,8028	2,3919	0,6684	1,9963	0,7505	0,9722	1,8598	0,8344	0,7924	2,2098	1,9424
	D. immutabilis 	35364	S	A	0,3406	2,3762	1,6680	1,3562	1,3124	0,9791	2,3769	1,1523	1,1297	0,7459	2,3700	0,6149	1,9652	0,6730	0,9405	1,8555	0,8338	0,7924	2,1878	1,9132
Procellaridae	Macronectes giganteus	38048	S	A	0,6677	2,3890	1,7858	1,4419	1,4234	1,0903	2,3777	1,2370	1,2196	0,8876	2,3650	0,7612	2,0138	0,8182	1,0686	1,9548	0,9248	0,9469	2,2693	1,9884
	Fulmarus glacialoides	38024	S	A	-0,2328	2,0288	1,4257	1,1446	1,1024	0,7474	2,0237	0,9600	0,9661	0,6571	2,0159	0,4393	1,7114	0,4997	0,8169	1,6482	0,5740	0,5694		1,6844
	F. glacialoides	38025	S	A	-0,1518	2,0553	1,4482	1,2063	1,1106	0,7709	2,0481	1,0017	0,9827	0,6920	2,0368	0,4183	1,7337	0,5315	0,8182	1,6885	0,6075	0,6170	1,9903	1,7209
	Pterodroma solandri	55582	S	A	-0,2874	2,0110	1,3553	1,1146	1,0814	0,7612	2,0312	0,9671	0,9445	0,6758	2,0224	0,4771	1,7211	0,5599	0,8513	1,5728	0,5052	0,5119	1,8869	1,6446
	Puffinus pacificus	68952	S	A	-0,4101	1,9970	1,3126	1,0249	1,0382	0,6964	2,0136	0,8993	0,8609	0,5988	2,0007	0,4166	1,6919	0,4594	0,7980	1,5057	0,5092	0,5092	1,8918	1,6722
	P. pacificus	68954	S	A	-0,4389	2,0045	1,3408	0,9956	1,0204	0,6721	2,0224	0,9063	0,8615	0,5855	2,0133	0,3655	1,6982	0,4518	0,7404	1,5148	0,5038	0,5065	1,8863	1,6721
	P. pacificus	78197	S	A	-0,6073	1,9958	1,3220	0,9943	1,0009	0,6730	2,0148	0,8949	0,8768	0,6096	2,0044	0,3784	1,6964	0,4900	0,8035	1,5069	0,5378	0,4728	1,8896	1,6782
	P. griseus	85392	S	A	-0,1135	2,0391	1,4268	1,0542	1,0645	0,8567	2,0121	1,0013	0,9600	0,7093	1,9985	0,4800	1,7556	0,5539	0,8248	1,6099	0,6464	0,6335	2,0362	1,7758
Pelecanoididae	Pelecanoides urinatrix	60503	CF	A	-0,8182	1,6465	0,9528	0,6857	0,8470	0,4997	1,5378	0,7649	0,7466	0,5024	1,5047	0,1584	1,4069	0,2553	0,6395	1,4086	0,3598	0,3345	1,7131	1,4536
	P. urinatrix	60504	CF	A	-0,8794	1,6157	0,9978	0,6532	0,8228	0,4216	1,5215	0,7210	0,7118	0,4265	1,4936	0,0645	1,3827	0,1959	0,5977	1,3709	0,3032	0,3263	1,6778	1,4081
	P. urinatrix	60505	CF	A	-0,8477	1,6236	0,9595	0,6646	0,8182	0,4082	1,5167	0,6902	0,7059	0,4048	1,4804	0,1399	1,3690	0,2175	0,6021	1,3692	0,3010	0,3385	1,6804	1,3995
	P. urinatrix	60507	CF	A	-0,8416	1,6320	0,9610	0,7135	0,8445	0,4857	1,5161	0,7657	0,7284	0,4742	1,4842	0,1206	1,3720	0,2672	0,6253	1,3581	0,3010	0,3385	1,6756	1,4062
Threskiornitidae	Platalea ajaja 	45515	S	TG	0,1673	2,1034	1,5735	1,1741	1,3092	0,9647			1,0314	0,7987		0,6222	1,8387	0,5786	0,9494	1,8653	0,8287	0,8209	2,1644	1,9982
	P. ajaja 	45516	S	TG	0,1875	2,0955	1,5823	1,2028	1,3168	0,9600	2,1719	1,0824	1,0500	0,8000	2,1480	0,6181	1,8374	0,6085	0,9528	1,8768	0,8261	0,8414	2,1735	2,0207
	P. ajaja 	45811	S	TG	0,1335	2,0971	1,5842	1,2243	1,3090	0,9704	2,1674	1,0723	1,0488	0,8228	2,1438	0,6523	1,8428	0,6335	0,9571	1,8614	0,8457	0,8704	2,1667	2,0075
	Plegadis chihi	41969	S	TG	-0,1871	1,9674	1,4173	1,1271	1,1752	0,8096	2,0264	0,9217	0,9320	0,6656	2,0012	0,4886	1,7425	0,4669	0,8363	1,7766	0,6693	0,6628	2,1466	2,0075
	P. chihi	59268	S	TG	-0,2692	1,9526	1,4059	1,0652	1,1596	0,7810	2,0097	0,9149	0,9269	0,6375	1,9871	0,4579	1,7264	0,5106	0,8069	1,7556	0,6561	0,6395	2,1322	1,9967
	P. chihi	59269	S	TG	-0,5653	1,8778	1,3528	0,9845	1,0881	0,7067	1,9277	0,8122	0,8248	0,5587	1,9037	0,3324	1,6515	0,3838	0,7544	1,6905	0,5988	0,6345	1,9942	1,8284
	P. chihi	59279	S	TG	-0,4134	1,9139	1,3746	1,0183	1,1189	0,7604	1,9709	0,8876	0,9015	0,6201	1,9481	0,4346	1,6944	0,4594	0,8143	1,7136	0,6454	0,6454	2,0463	1,9103
Pelecanidae	Pelecanus erythrorhynchus	59227	S	A	0,4698	2,4560	1,8975	1,6474	1,5751	1,2191	2,5020	1,3585	1,3280	1,0596	2,4877	0,9090	2,1246	0,9186	1,2679	2,0227	1,0955	1,0686	2,2439	2,0567
	P. erythrorhynchus	59228	S	A	0,3979	2,4647	1,9059	1,6655	1,6089	1,2622	2,5110	1,3632	1,3245	1,0519	2,4956	0,9238	2,1280	0,9504	1,2776	2,0230	1,0881	1,0723	2,2483	2,0652
	P. erythrorhynchus	59302	S	A	0,7875	2,4809	1,9272	1,6714	1,5972	1,2815	2,5423	1,3800	1,3553	1,0860	2,5291	0,9253	2,1593	0,9832	1,3274	2,0432	1,1297	1,1076	2,2706	2,0967
	P. erythrorhynchus	59235	S	A	0,9004	2,4761	1,9251	1,6682	1,6221	1,2448	2,5310	1,3674	1,3471	1,0748	2,5164	0,9106	2,1433	0,9518	1,3054				2,2614	2,0753
Ciconiidae	Mycteria americana	55850	S	TG	0,3594	2,2375	1,7000	1,4009	1,4571	1,1139	2,3424	1,2193	1,1787	0,9238	2,3234	0,8000	1,9970	0,7193	1,1271	1,9946	1,0166	0,9859	2,4236	2,3203
Ardeidae	Ardea cinerea	46890	CF	TG	0,1761	2,2230	1,5312	1,2971	1,3328	0,9974	2,3006	1,1031	1,0986	0,7860	2,2852	0,6304	1,9546	0,6284	0,9657	1,9334	0,8382	0,8426	2,3128	2,1905
	A. cinerea	46891	CF	TG	0,2095	2,2414	1,5540	1,3475	1,3664	1,0052		1,1062	1,0969	0,8543	2,3085	0,6149	1,9841	0,6618	0,9823	1,9583	0,8401	0,8507	2,3239	2,2113
	A. cinerea	54682	CF	TG	0,1903	2,2167	1,5050	1,2788	1,3290	0,9736		1,0785		0,7810			1,9488	0,6335	0,9777	1,9255	0,8176	0,8035	2,2987	2,1680
	Egretta sacra	42502	CF	TG	-0,3420	1,9989	1,2835	1,0519	1,1464	0,7419	2,0699	0,9031	0,9238	0,6201	2,0513	0,3979	1,7433	0,4814	0,7903	1,7549	0,6532	0,6493	2,0317	1,8876
	E. sacra	42590	CF	TG	-0,3420	2,0192	1,3298	1,0835	1,1761	0,7903	2,0926	0,9567	0,9440	0,6201	2,0723	0,4216	1,7679	0,4409	0,7810	1,7758	0,7185	0,6561	2,0646	1,9155
	E. sacra	42606	CF	TG	-0,3279	2,0000	1,2874	1,0500	1,1464	0,7604		0,9020		0,6170			1,7412	0,4487	0,8048	1,7437	0,6580	0,6665		1,8577
	E. sacra	42633	CF	TG	-0,2449	2,0235	1,3381	1,0774	1,1903	0,8149	2,0930	0,9460	0,9509	0,6532	2,0730	0,4669	1,7636	0,4639	0,8209	1,7774	0,7059	0,6758	2,0545	1,9071
	Ixobrychus eurhythmus	47044	CF	TG	-0,8539	1,7418	1,0078	0,7931	0,8710	0,4265	1,7895	0,6484	0,6294	0,4014	1,7657	0,0969	1,5052	0,2504	0,5999	1,6391	0,4456	0,4378	1,8506	1,6774
	I. eurhythmus	47046	CF	TG	-0,8794	1,7681	1,0438	0,8463	0,8825	0,4487	1,7967	0,6484	0,6425	0,3404	1,7718	0,1271	1,5157	0,2305	0,5900	1,6671	0,4684	0,4472	1,8537	1,6761
	I. eurhythmus	47047	CF	TG	-0,9101	1,7426	1,0310	0,8007	0,8561	0,4564	1,7736	0,6590	0,6325	0,3909	1,7465	0,1673	1,4909	0,2648	0,5752	1,6312	0,4150	0,4150	1,8385	1,6513
	I. cinnamomoeus	64913	CF	TG	-0,9144	1,7612	1,0792	0,8476	0,8716	0,4713	1,7838	0,6911	0,6484	0,4082	1,7592	0,2330	1,5324	0,2480	0,5866	1,6768	0,4564	0,4378	1,8765	1,6975
Fregatidae	Fregata magnificens	73907	S	TN	0,2175	2,2912	1,7249	1,3412	1,4482	1,0645		1,2284	1,2840	0,9528		0,7443	2,0911	0,8543	1,1245	1,7445	0,8457	0,8573	1,8737	1,3516
	F. magnificens	73908	S	TN	0,0810		1,6570	1,3729	1,4346	1,0492	2,3877	1,2055	1,2383	0,9191	2,3742	0,7536	2,0429	0,8780	1,0962	1,7161	0,8143	0,8248	1,8351	1,3036
	F. minor	42921	S	TN	-0,0132	2,2444	1,6473	1,3493	1,3644	1,0306	2,3590	1,1901	1,2227	0,9469	2,3505	0,7497	2,0042	0,7686	1,0853	1,6988	0,8325	0,8401	1,8090	1,2894
	F. minor	42582	S	TN	0,1538	2,2671	1,6874	1,3518	1,4151	1,0745	2,3779	1,2101	1,2310	0,9504	2,3673	0,7589	2,0433	0,8325	1,0986	1,7039	0,8633	0,8756	1,8401	1,3143
	F. minor	42923	S	TN	0,1761	2,2684	1,6991	1,3703	1,4093	1,0430	2,3814	1,2238	1,2533	0,9633	2,3727	0,7275	2,0362	0,8639	1,1035	1,7153	0,8248	0,8274	1,8283	1,3268
	F. minor	42782	S	TN	0,2041	2,2583	1,6921	1,3426	1,4120	1,0512	2,3721	1,2302	1,2550	0,9370	2,3654	0,7723	2,0364	0,8395	1,1153	1,7154	0,8663	0,8745	1,8265	
Sulidae	Sula sula	42572	S	A	-0,0110	2,1985	1,5152	1,3610	1,2591	0,8055	2,2440	1,0770	1,0603	0,7839	2,2368	0,5900	1,8332	0,6170	0,9410	1,6752	0,7251	0,7505	1,8278	1,5448
	S. sula	42571	S	A	-0,0836	2,1766	1,5071	1,2995	1,2480	0,7649	2,2312	1,0766	1,0386	0,7419	2,2171	0,5694	1,8232	0,5955	0,9217	1,6417	0,6840	0,7332	1,7942	1,5192
	S. sula	42574	S	A	0,0107	2,2088	1,5249	1,3365	1,2681	0,8202	2,2350	1,0633	1,0481	0,7521	2,2384	0,6031	1,8467	0,7007	0,9624	1,6523	0,7825	0,8069	1,8137	1,5468
	S. leucogaster	42580	S	A	0,1903	2,2312	1,5822	1,3555	1,2982	0,8312	2,2610	1,1297	1,1123	0,8169	2,2438	0,6253	1,8779	0,6875	1,0149	1,7631	0,8470	0,8182	1,9240	1,6941
	S. leucogaster	42917	S	A	0,0414	2,1963	1,5198	1,3263	1,2660	0,8338	2,2355	1,1021	1,0785	0,8376	2,2355	0,6314	1,8604	0,6730	1,2017	1,7122	0,7513	0,7796	1,9026	1,6539
	S. bassana 	38108	S	A	0,2279	2,3642	1,6926	1,4544	1,3824	0,9479	2,3008	1,2135	1,2477	0,9175	2,2911	0,7505	1,9664	0,7716	1,0622	1,8578	0,8357	0,9031	2,0223	1,7750
	S. bassana 	73815	S	A	0,1514	2,3539	1,6990	1,4797	1,3572	0,9186	2,2916	1,1995	1,2373	0,9106	2,2772	0,7466	1,9583	0,7694	1,0853	1,8555	0,8344	0,8639	2,0307	1,7710
	S. serrator 	62928	S	A	0,2287	2,3244	1,6395	1,4219	1,3395	0,9101	2,2680	1,1709	1,1898	0,8500	2,2567	0,7127	1,9277	0,7251	1,0465	1,8224	0,8195	0,8267	2,0009	1,7316
	S. serrator 	63012	S	A	0,1239	2,3248	1,6331	1,4086	1,3300	0,8899	2,2604	1,1714	1,2011	0,8420	2,2511	0,7474	1,9278	0,7226	1,0358	1,8291	0,8069	0,8287	1,9960	1,7255
Phalacrocoracidae	Phalacrocorax carbo	59908	CF	A	0,2672	2,2028	1,6108	1,4819	1,2629	0,9619	2,2352	1,0831	1,1024	0,7917	2,2266	0,6893	1,8843	0,5855	0,9279	1,7714	0,8363	0,9207	2,0325	1,8061
	P. carbo	61351	CF	A	0,3522	2,2119	1,6260	1,4376	1,2543	0,9547	2,2382	1,0824	1,0881	0,8195	2,2212	0,6812	1,8981	0,5821	0,9058	1,8090	0,8927	0,9619	2,0592	1,8305
	P. carbo	62870	CF	A	0,1166	2,1705	1,5742	1,4678	1,2041	0,9248	2,2001	1,0484	1,0637	0,7980	2,1880	0,6551	1,8406	0,6085	0,9112	1,7359	0,8363	0,9217	2,0021	1,7642
	P. olivaceus	45686	CF	A	0,1038	2,0712	1,4374	1,3249	1,1255	0,7760			0,9727	0,6730	2,0861	0,5682	1,7706	0,4900	0,8338	1,6779	0,7243	0,8189	1,9158	1,6847
	P. olivaceus	45750	CF	A	0,0170	2,0456	1,4437	1,2679	1,0973	0,7924	2,0664	0,9232	0,9494	0,6395	2,0496	0,5403	1,7314	0,4503	0,7672	1,6560	0,7292	0,7193	1,8963	1,6780
	P. olivaceus	45751	CF	A	-0,0410	2,0493	1,4403	1,3655	1,0618	0,7672	2,0752	0,9186	0,9440	0,6128	2,0630	0,5563	1,7241	0,4378	0,7810	1,6406	0,7332	0,8041	1,8869	1,6596
Laridae	Larus argentatus	56577	FG	ATG	0,0700	2,1640	1,5550	1,3876	1,2620	0,8797	2,2213	1,0615	1,0934	0,7348	2,2072	0,5263	1,9231	0,5866	0,9370					
	L. argentatus	56578	FG	ATG	0,0969	2,1539	1,5329	1,3576	1,2742	0,8762	2,2030	1,0481	1,0853	0,7642	2,1888	0,5717	1,8969	0,5866	0,9567					
	L. argentatus	56821	FG	ATG	0,0645		1,5124	1,3247	1,2393		2,1949	1,0453	1,0756	0,7657	2,1799	0,5172	1,8992	0,5502	0,9212					
	L. argentatus	56728	FG	ATG	0,0274	2,1355	1,5279	1,3310	1,2281	0,8537	2,1812	1,0398	1,0708	0,7316	2,1641	0,5378	1,8883	0,5575	0,9180					
	L. crassirostris	47296	FG	ATG	-0,2518	1,9877	1,3369	1,2230	1,1153	0,7193	2,0412	0,9201	0,9571	0,5855	2,0262	0,4298		0,4871		1,6408	0,5465	0,4942	1,9209	1,7090
	L. crassirostris	47279	FG	ATG	-0,2798	2,0060	1,3619	1,2159	1,0973	0,7388	2,0635	0,9138	0,9513	0,6096	2,0481	0,4116	1,7734	0,4487	0,8248	1,6430	0,5478	0,5502	1,9222	1,7324
	L. crassirostris	47291	FG	ATG	-0,1707	2,0333	1,4278	1,2887	1,1505	0,7619	2,0937	0,9590	0,9952	0,6464	2,0795	0,4742	1,8037	0,4914	0,8768	1,6979	0,5775	0,5453	1,9691	1,7588
	L. crassirostris	47297	FG	ATG	-0,2636	2,0037	1,3988	1,2579	1,1261	0,7443	2,0618	0,9340	0,9624	0,6263	2,0463	0,4409	1,7761	0,4698	0,8370	1,6557	0,5821	0,5391	1,9385	1,7326
	L. pipixcan	32154	FG	ATG	-0,6444	1,8556	1,2138	1,0667	0,9818	0,5999		0,7980	0,8476	0,5052			1,6359	0,3181	0,7316	1,5196	0,4265	0,4425	1,8176	1,6033
	L. pipixcan	85108	FG	ATG	-0,6038	1,8744	1,2363	1,1193	1,0039	0,6425	1,9272	0,8109	0,8686	0,5378	1,9121	0,3464	1,6610	0,3424	0,7243	1,5155	0,4378	0,4440	1,8202	1,6022
	L. pipixcan	86565	FG	ATG	-0,5513	1,9059	1,2885	1,1374	1,0082	0,6609	1,9570	0,8143	0,8555	0,5250	1,9423	0,3424	1,6835	0,3997	0,7597	1,5423	0,4624	0,4362	1,8461	1,6345
	L. pipixcan	86603	FG	ATG	-0,7870	1,8652	1,2350	1,0821	0,9877	0,6010	1,9258	0,7846	0,8351	0,5024	1,9125	0,2742	1,6494	0,3444	0,7316	1,5083	0,4249	0,4378	1,8068	1,5931
Sternidae	Thalasseus maximus	45436	FG	ATG	-0,3158	1,9661	1,3414	1,2068	1,0842	0,7007	2,0647	0,9196	0,9330	0,6484	2,0524	0,4346	1,7483	0,4886	0,8633	1,6235	0,5289	0,4969	1,8691	1,5624
	T. maximus	45715	FG	ATG	-0,3307	1,9481	1,3103	1,2188	1,0878	0,7152		0,9243	0,9581	0,6812			1,7312	0,4843	0,8692	1,6081	0,5106	0,5515	1,8484	1,5448
	T. maximus	45805	FG	ATG	-0,3080	1,9673	1,3373	1,2490	1,0899	0,7356	2,0674	0,9410	0,9680	0,6542	2,0579	0,3874	1,7444	0,5024	0,8842	1,6103	0,5366	0,5315	1,8512	1,5329
	T. maximus	45815	FG	ATG	-0,3098	1,9489	1,3231	1,2114	1,0896	0,6866	2,0579	0,9180	0,9504	0,6212	2,0452	0,4425	1,7297	0,4669	0,8519	1,6043	0,5011	0,5024	1,8509	1,5262
	Chlidonias niger	56892	FG	TG	-1,2292	1,6068	1,0220	0,8432	0,7574	0,4166	1,6747	0,6253	0,6628	0,3560	1,6656	0,0756	1,4273	0,2068	0,6243	1,2817	0,2253	0,2201	1,5417	1,2095
	C. niger	56898	FG	TG	-1,1694	1,6202	1,0022	0,8692	0,7945	0,4281	1,7001	0,6294	0,6656	0,3444	1,6882	0,1461	1,4393	0,2279	0,5922	1,2676	0,2014	0,1931	1,5378	1,2011
	C. niger	56905	FG	TG	-1,1580	1,5967	0,9509	0,8082	0,7619	0,3979	1,6652	0,6128	0,6513	0,3617	1,6576	0,1303	1,4113	0,1875	0,6042	1,2591	0,1818	0,1931	1,5247	1,2391
	C. niger	56906	FG	TG	-1,2076	1,6148	0,9782	0,8621	0,7701	0,3962	1,6883	0,6263	0,6758	0,3655	1,6769	0,1239	1,4299	0,1875	0,6128	1,2707	0,1790	0,2068	1,5224	1,2133
Rynchopidae	Rynchops niger	36014	FG	TG	-0,6174	1,8734	1,3028	1,1335	1,0237	0,6857	1,9618	0,8363	0,8899	0,5328	1,9525	0,2833	1,6518	0,4425	0,8122	1,5274	0,4265	0,4698	1,7604	1,5009
	R. niger	45694	FG	TG	-0,4660	1,9167	1,3304	1,1901	1,0777	0,7672	2,0089	0,9350	0,9610	0,6191	1,9964	0,4150	1,7135	0,5198	0,8663	1,5684	0,5106	0,5453	1,8163	1,5474
	R. niger	45695	FG	TG	-0,5969	1,8787	1,2553	1,1173	1,0294	0,6739	1,9701	0,8768	0,9026	0,5563	1,9587	0,3636	1,6736	0,4757	0,7966	1,5352	0,4456	0,4713	1,7679	1,5261
Stercoriidae	Stercorarius pomarinus	49162	FG	ATG	-0,2097	2,0329	1,4131	1,2792	1,1644	0,8176	2,0590	0,9965	1,0009	0,6946	2,0474	0,5391	1,7598	0,5539	0,8871	1,6514	0,6274	0,6513	1,8837	1,7230
	S. pomarinus	49165	FG	ATG	-0,1891	2,0412	1,4323	1,2705	1,1746	0,8048	2,0705	0,9823	1,0220	0,6493	2,0540	0,5391	1,7676	0,4955	0,8445	1,6627	0,5922	0,6325	1,9165	1,7270
	S. pomarinus	49166	FG	ATG	-0,1549	2,0426	1,4289	1,3054	1,1738	0,8189	2,0718	0,9768	1,0334	0,6503	2,0563	0,5441	1,7636	0,4983	0,8615	1,6684	0,6201	0,6345	1,9278	1,7522
	S. pomarinus	59608	FG	ATG	-0,2434	2,0406	1,4206	1,2584	1,1605	0,7987		0,9680	1,0000	0,6767		0,5527		0,5238		1,6642	0,6128	0,6138	1,9107	1,7338
Alcidae	Uria lomvia	80877	CF	A	-0,0367	1,9655	1,6213	1,0461	1,0402	0,6138	1,8606	1,0166	0,9717	0,7980	1,8412	0,5877	1,6723	0,5011	0,8439	1,6881	0,6042	0,6812	1,9640	1,5989
	U. aalge	79468	CF	A	-0,0339	1,9391	1,5917	1,0418	0,9590	0,5900	1,8143	1,0124	0,9528	0,7551	1,7922	0,5391	1,6283	0,4624	0,8261	1,6769	0,5786	0,6972	1,9613	1,5708
	Fratercula cirrhata	43839	CF	A	-0,0757	1,8862	1,2330	1,0065	0,9299	0,5944	1,7920	0,9850	0,9671	0,7396	1,7725	0,5185	1,6363	0,4728	0,8102				1,8956	1,5564
	F. cirrhata	44412	CF	A	-0,0580	1,9101	1,2391	0,9952	0,9908	0,5855	1,8165	0,9903	0,9533	0,7168	1,8007	0,3674	1,6416	0,5065	0,8169	1,6967	0,5490	0,5877	1,9243	1,5613
	Cepphus carbo	43843	CF	A	-0,1549	1,8690	1,2767	1,0253	0,9294	0,6075	1,7894	0,9294	0,9400	0,7067	1,7698	0,4928	1,6178	0,4456	0,8215	1,6422	0,5821	0,5453	1,9070	1,5832
	C. carbo	43860	CF	A	-0,1612	1,8729	1,3183	1,0745	0,9232	0,5798	1,8004	0,9170	0,9450	0,7152			1,6324	0,4150	0,7825	1,6371	0,5539	0,5289	1,9070	1,5823
	C. carbo	43859	CF	A	-0,2147	1,8679	1,2842	1,0430	0,9782	0,6212	1,8004	0,9299	0,9415	0,7168	1,7811	0,5024	1,6282	0,4914	0,8162	1,6367	0,6064	0,5563	1,8930	1,5653
	Brachyramphus marmoratus	44435	CF	A	-0,6162	1,7173	1,3679	0,8082	0,6972	0,3674	1,6072	0,7686	0,7404	0,5623	1,5906	0,3404	1,4376	0,3424	0,6503	1,4005	0,3579	0,3404	1,6520	1,2209
	B. marmoratus	44434	CF	A	-0,5884	1,7195	1,4242	0,8513	0,7528	0,3927	1,6120	0,7966	0,7782	0,6149	1,5977	0,3802	1,4501	0,3096	0,6794	1,4198	0,3636	0,3598	1,6564	1,2373
	B. marmoratus	79447	CF	A	-0,5884	1,6765	1,3771	0,7679	0,7101	0,3424	1,5539	0,7497	0,7324	0,4969	1,5431	0,3160	1,3957	0,2788	0,6405					1,2068
Recurvirostridae	Himantopus himantopus	56452	CF	TG	-0,7328	1,7413	1,1550	0,8820	0,9196	0,5428	1,7812	0,7292	0,7709	0,4871	1,7612	0,3365	1,5279	0,3464	0,6454	1,5244	0,4456	0,4330	2,0795	2,0527
	H. himantopus	56631	CF	TG	-0,6556	1,7763	1,1838	0,9600	0,9657	0,5717	1,8183	0,7686	0,7889	0,5250	1,7964	0,3483	1,5691	0,4048	0,7033	1,5632	0,4843	0,5119		2,1320
	H. himantopus	56863	CF	TG	-0,7033	1,7657	1,1917	0,9112	0,9460	0,5786	1,7996	0,7612	0,8089	0,4969	1,7806	0,3404	1,5517	0,3424	0,6703	1,5312	0,4362	0,4487	2,1176	2,0797
	H. himantopus	60150	CF	TG	-0,8239	1,7650	1,1732	0,9435	0,9633	0,5575	1,8079	0,7619	0,7917	0,4698	1,7873	0,3096	1,5406	0,3522	0,6656	1,5285	0,4048	0,4281	2,1095	2,0752
Charadriidae	Vanellus vanellus	47182	CF	TG	-0,7305	1,7700	1,2044	0,8943	0,9987	0,6253	1,8334	0,8162	0,8537	0,5224	1,8127	0,3424	1,5496	0,3464	0,7634	1,5673	0,4579	0,4857		1,6832
	V. vanellus	56902	CF	TG	-0,7055	1,7771	1,2225	0,9484	0,9943	0,6138	1,8611	0,8156	0,8401	0,5146	1,8407	0,3424	1,5776	0,3404	0,7589	1,5570	0,4728	0,4900	1,8346	1,6774
	V. vanellus	59865	CF	TG	-0,6968	1,7681	1,2348	0,9469	0,9996	0,6191	1,8377	0,8209	0,8426	0,5705	1,8156	0,3385	1,5488	0,3802	0,7513	1,5442	0,4378	0,4472	1,8158	1,6667
	V. vanellus	58086	CF	TG	-0,6778	1,7742	1,1929	0,9509	0,9908	0,6222	1,8475	0,8109	0,8698	0,5647	1,8305	0,3729	1,5788	0,3522	0,7627	1,5724	0,4393	0,4533	1,8507	1,7068
	Pluvialis squatarola	38990	CF	TG	-0,7174	1,7195	1,0976	0,8949	0,9085	0,5515	1,7443	0,7818	0,7896	0,5263	1,7228	0,3202	1,5002	0,3118	0,6803	1,5686	0,4533	0,4518	1,8513	1,6679
	P. squatarola	33473	CF	TG	-0,7268	1,7362	1,1339	0,9117	0,8993	0,5353	1,7583	0,7642	0,7945	0,4969	1,7374	0,2856	1,4880	0,3202	0,6551	1,5806	0,4216	0,4548	1,8709	1,6968
	P. squatarola	38989	CF	TG	-0,7012	1,7211	1,1133	0,8293	0,8854	0,5551	1,7373	0,7451	0,7980	0,5185	1,7149	0,2742	1,4911	0,3579	0,6580	1,5671	0,4440	0,4609		1,6705
	P. squatarola	38992	CF	TG	-0,7242	1,7190	1,0853	0,8943	0,8943	0,5740		0,7372		0,5172	1,7203	0,3010	1,4784	0,3385	0,6628	1,5534	0,4378	0,4265	1,8351	1,6646
	Charadrius dubius	56829	CF	TG	-1,4134	1,4529	0,8357	0,6096	0,6571	0,2330	1,4922	0,5011	0,5198	0,1673	1,4714	-0,0506	1,2368	0,0294	0,3820	1,2849	0,0899	0,1239		1,3735
	C. dubius	56903	CF	TG	-1,4622	1,4411	0,8633	0,5877	0,6571	0,2355	1,4969	0,4684	0,4969	0,2041	1,4760	-0,0506	1,2538	0,0212	0,4133				1,5815	1,4019
	C. dubius	56904	CF	TG	-1,4437	1,4458	0,8609	0,6160	0,6233	0,2718	1,4982	0,4713	0,4942	0,2014	1,4768	-0,0177	1,2455	-0,0757	0,3674	1,2762	0,1703	0,1584	1,5565	1,3760
Scolopacidae	Scolopax rusticola	47280	CF	TG	-0,5467		1,0817	0,8921	0,9978	0,6590			0,8195	0,5527		0,3010	1,5773	0,3711	0,7308	1,6602	0,5670	0,5599	1,8222	1,5886
	S. rusticola	47281	CF	TG	-0,5171	1,7301	1,0910	0,9571	0,9759	0,6128	1,7826	0,8235	0,8182	0,5328	1,7442	0,2625		0,3560		1,6334	0,5478	0,5185	1,8081	1,5831
	S. minor	36977	CF	TG	-0,7520	1,6261	0,9939	0,7551	0,8848	0,4814	1,6727	0,6831	0,6637	0,3522	1,6368	0,1584	1,5582	0,1673	0,5694	1,5517	0,3962	0,4116	1,7199	1,4978
	S. minor	55189	CF	TG	-0,8153	1,6105	0,9952	0,8069	0,8675	0,4786	1,6602	0,6794	0,6665	0,3345	1,6228	0,1553	1,5340	0,1430	0,5611	1,5489	0,4393	0,4378	1,7139	1,4944
	S. minor	57803	CF	TG	-0,7905	1,6518	0,9657	0,7924	0,8797	0,5416	1,7077	0,6964	0,6964	0,4014	1,6710	0,1818	1,5701	0,2148	0,5922	1,5959	0,4928	0,4857	1,7659	1,5437
	S. minor	65736	CF	TG	-0,8539	1,6443	0,9791	0,8248	0,8960	0,4216		0,6703		0,3385	1,6688	0,1173	1,5591	0,1004	0,5378	1,5592	0,4330	0,4014	1,7234	1,4998
	Limosa limosa	46878	CF	TG	-0,7986	1,7287	1,0860	0,8069	0,8954	0,5366			0,7372	0,4518	1,7536	0,2355	1,4919	0,2529	0,5933	1,5535	0,4031	0,3874	1,8993	1,7917
	L. limosa	46883	CF	TG	-0,7986	1,7319	1,0689	0,8254	0,9274	0,5740	1,7669	0,7380	0,7760	0,4698	1,7447	0,2601	1,5034	0,3118	0,6444	1,5475	0,4472	0,4265	1,8875	1,7707
	L. limosa	47055	CF	TG	-0,7055	1,7665	1,1495	0,9096	0,9465	0,5705	1,8035	0,7767	0,7889	0,4757	1,7839	0,2718	1,5335	0,3444	0,6609	1,5766	0,4698	0,4969	1,9256	1,8133
	Tringa glareola	56514	CF	TG	-1,2503	1,5175	0,8332	0,6201	0,6981	0,3263	1,5544	0,5159	0,5623	0,2648	1,5349	0,0531	1,3216	0,1004	0,4579	1,3911	0,2355	0,2553	1,7119	1,5580
	T. glareola	56515	CF	TG	-1,0560	1,5406	0,8382	0,6911	0,7574	0,3838	1,5790	0,5682	0,6085	0,3181	1,5529	0,0453	1,3481	0,1072	0,4871	1,4101	0,2765	0,2989	1,7178	1,5992
	T. glareola	56947	CF	TG	-1,2292	1,5211	0,8189	0,6920	0,7033	0,3711	1,5623	0,5391	0,5900	0,2833	1,5374	0,0170	1,3414	0,1173	0,4639	1,3941	0,2430	0,2601	1,7166	1,5847
	T. glareola	56457	CF	TG	-1,1549	1,5283	0,8609	0,6503	0,7316	0,3892	1,5644	0,5623	0,6107	0,3304	1,5439	0,0719	1,3412	0,1271	0,5146	1,3974	0,2330	0,2148	1,7243	1,6086
	Numenius madagascariensis	46886	CF	TG	-0,1688	1,9804	1,3558	1,1720	1,1310	0,7796	2,0375	0,9330	0,9736	0,6444			1,7193	0,4654	0,7959	1,7718	0,6474	0,6739	2,0678	1,9530
	N. madagascariensis	47056	CF	TG	-0,0969	2,0191	1,3799	1,1202	1,1523	0,7782	2,0773	0,9741	0,9991	0,6785	2,0602	0,4713	1,7702	0,5038	0,8129	1,8006	0,6599	0,6767	2,0931	1,9854
	N. madagascariensis	46885	CF	TG	-0,1993	1,9980	1,3506	1,1711	1,1313	0,7810	2,0470	0,9699	0,9863	0,6618	2,0274	0,4871	1,7358	0,4800	0,8136	1,7704	0,6609	0,6618	2,0641	1,9574
	N. madagascariensis	47183	CF	TG	-0,1675	2,0217	1,3946	1,2087	1,1508	0,7619	2,0677	0,9930	1,0124	0,6484	2,0495	0,4914	1,7617	0,4914	0,8096	1,8043	0,6435	0,6767	2,0788	1,9583
	Calidris minuta	*18825	CF	TG	-1,8539	1,3683	0,6840	0,5999	0,5763	0,2041	1,4019	0,3636	0,4579	0,2253	1,3835	-0,1549	1,1773	-0,0757	0,3032	1,2006	0,0899	0,1072	1,5511	1,3391
	C. minuta	*18843	CF	TG	-1,5850	1,3727	0,6972	0,6385	0,5587	0,1987	1,4023	0,3909	0,4378	0,1847	1,3804	-0,2076	1,1847	-0,0458	0,3010	1,2256	0,0374	0,0899	1,5266	1,3249
	C. minuta	*18822	CF	TG	-1,6990	1,3793	0,7016	0,5740	0,5659	0,2253	1,4072	0,4265	0,3802	0,2406	1,3806	-0,1249	1,1694	0,0212	0,3054	1,2430	0,1173	0,1523	1,5505	1,3111
	Actitis hypoleucos	*18832	CF	TG	-1,3010	1,4349	0,7490	0,6274	0,6599	0,2833	1,4682	0,4503	0,5052	0,2406	1,4412		1,2524	-0,0315	0,3711	1,3528	0,1790	0,1790	1,5938	1,3856
	A. hypoleucos	*18836	CF	TG	-1,2840	1,4216	0,7679	0,6191	0,6561	0,3202	1,4458	0,5159	0,5302	0,2455	1,4239	-0,0315	1,2222	-0,0132	0,4065	1,3543			1,5800	1,3764
Pandionidae	Pandion haliaetus	63002	S	TN	0,1903	2,1694	1,7173	1,2929	1,3883	0,9890	2,2680	1,1492	1,1550	0,8993	2,2532	0,6355	1,9330	0,6955	1,0170	1,8989	0,8797	0,8698	2,1089	1,7330
	P. haliaetus	73955	S	TN	0,0090	2,1306	1,6772	1,2348	1,3326	0,9827	2,2381	1,1173	1,1082	0,7973		0,5866	1,9166	0,6703	0,9754	1,8698	0,8338	0,7810	2,0773	1,6970
	P. haliaetus	79102	S	TN	0,0212	2,1394	1,7132	1,1895	1,3475	0,9818	2,2506	1,1045	1,1209	0,8451	2,2324	0,6628	1,9235	0,7093	0,9800	1,8699	0,8494	0,8338	2,0826	1,6970
	P. haliaetus	89927	S	TN	0,1163	2,1459	1,6986	1,2028	1,3568	0,9863	2,2501	1,1176	1,1261	0,8494	2,2334	0,6503	1,9201	0,6693	0,9991	1,8685	0,8420	0,8102	2,0873	1,7050
Accipitridae	Aquila chrysaetos	59391	S	TN	0,6021	2,2535	1,8018	1,4259	1,5077	1,1313	2,3148	1,2644	1,2465	1,0030	2,2900	0,8312	1,9929	0,8169	1,2178	2,0787	1,0941	1,0867	2,2071	1,9887
	A. chrysaetos	59393	S	TN	0,5172	2,2553	1,8034	1,4462	1,4852	1,1123	2,3178	1,2482	1,2360	0,9926	2,2942	0,7745	1,9861	0,7952	1,1992	2,0811	1,0903	1,0719	2,2150	1,9968
	A. chrysaetos	63356	S	TN	0,6884	2,2824	1,8259	1,5095	1,5320	1,1405	2,3409	1,3017	1,2728	1,0290	2,3178	0,8704	2,0108	0,8143	1,2353	2,1086	1,1449	1,1183	2,2221	2,0046
	A. chrysaetos	59392	S	TN	0,5563	2,2487	1,7873	1,4111	1,4933	1,0962	2,3176	1,2641	1,2219	0,9939	2,2931	0,7324	1,9848	0,8014	1,2003	2,0925	1,0795	1,0674	2,2145	2,0046
	Buteo jamaicensis	69579	S	TN	0,1153	2,0680	1,5942	1,2801	1,3077	0,9395	2,0395	1,0842	1,0622	0,8202	2,0075	0,5263	1,8233	0,6580	1,0322	1,9394	0,8998	0,8954	2,0727	1,9542
	B. jamaicensis	69545	S	TN	0,0569	2,0535	1,5774	1,2742	1,3111	0,9069	2,1158	1,0795	1,0565	0,8156	1,9799	0,5843	1,8063	0,6314	1,0060	1,9256	0,8519	0,8669	2,0615	1,9330
	B. jamaicensis	84262	S	TN	0,0253	2,0192	1,5790	1,2204	1,2658	0,8733		1,0224	0,9479	0,7716	2,0734	0,5079	1,7867	0,5832	0,9335	1,8998	0,8420	0,8555	2,0465	1,9305
	Accipiter gentilis	64855	S	TN	0,0414	1,9877	1,5412	1,1987	1,2443	0,8698	2,0400	1,0488	1,0086	0,7810			1,7611	0,5428	0,9455	1,9183	0,8567	0,8344	2,0557	1,9109
	A. gentilis	80189	S	TN	-0,1146	1,9808	1,4850	1,1647	1,2418	0,8745	2,0298	1,0322	0,9800	0,7582	1,9940	0,5551	1,7550	0,5832	0,9253	1,9034	0,8306	0,8195	2,0188	1,8814
	A. virgatus	59781	S	TN	-0,9747	1,6372	1,1370	0,8651	0,9212	0,5250	1,7277	0,7202	0,6767	0,4265	1,6978	0,0934	1,4190	0,2095	0,6405	1,5982	0,4997	0,4800	1,7376	1,6828
	A. virgatus	59915	S	TN	-1,0173	1,6277	1,1255	0,8228	0,9274	0,5172	1,7130	0,7243	0,6665	0,4409	1,6802	0,1173	1,4077	0,2718	0,6785	1,5726	0,4928	0,4757	1,7291	1,6781
	A. virgatus	59708	S	TN	-0,9208	1,6348	1,1222	0,7803	0,9080	0,5315	1,7212	0,7185	0,6730	0,4200	1,6865	0,1004	1,4203	0,1818	0,6284	1,5835	0,4728	0,4487	1,7426	1,6720
	A. virgatus	59884	S	TN	-0,9706	1,6161	1,1065	0,7796	0,9279	0,5250	1,7009	0,6981	0,6703	0,4200	1,6706	0,0607	1,3966	0,2279	0,6325	1,5716	0,4771	0,4330	1,7174	1,6676
	Circus aeruginosus	56450	S	TN	-0,2676	2,0001	1,5085	1,1816	1,1973	0,8451	2,0733	0,9736	0,9676	0,7118	2,0480	0,4594	1,7717	0,5238	0,8904	1,8239	0,7559	0,7435	2,0149	
	C. aeruginosus	56456	S	TN	-0,2518	2,0066	1,5452	1,2074	1,1892	0,8254	2,0757	0,9881	0,9528	0,7024	2,0527	0,4594	1,7930	0,4814	0,8938	1,8380	0,7364	0,7235	2,0123	1,9168
	C. aeruginosus	56488	S	TN	-0,2636	2,0059	1,5376	1,2238	1,2143	0,8567	2,0849	1,0228	0,9859	0,7308	2,0598	0,5441	1,7852	0,4969	0,9345	1,8407	0,7818	0,7896	2,0187	1,9146
	Haliaeetus leucocephalus	81884	S	TN	0,5159	2,3046	1,8486	1,5062	1,5274	1,1421	2,3696	1,2730	1,2641	0,9759	2,3505	0,7050	2,0062	0,8169	1,1767	2,0682	1,0686	1,0546	2,1879	1,9500
	H. leucocephalus	65201	S	TN	0,7348	2,3062	1,8273	1,5147	1,5449	1,1720	2,3663	1,2883	1,2641	1,0090	2,3410	0,8028	2,0252	0,8143	1,2191	2,0604	1,1193	1,0799	2,1907	1,9511
	H. leucocephalus	33937	S	TN	0,6464	2,3060	1,8563	1,5020	1,5234	1,1566	2,3716	1,2949	1,2718	0,9890	2,3482	0,7185	2,0376	0,8293	1,2036	2,0568	1,0781	1,0508	2,1853	1,9362
	Haliastur indus	58751	S	TN	-0,2182	2,0092	1,5385	1,1755	1,2047	0,8414	2,0692	1,0154	0,9552	0,7443	2,0490	0,3711	1,7375	0,5159	0,9571	1,7897	0,7627	0,7300	1,9379	1,7521
	H. indus	73850	S	TN	-0,2133	2,0423	1,5679	1,1587	1,2230	0,8525	2,1101	0,9978	1,0026	0,7612	2,0895	0,5340	1,7747	0,5832	0,9533	1,7854	0,7521	0,7551	1,9193	1,7476
	H. indus	76196	S	TN	-0,2857	2,0226	1,5552	1,1461	1,2030	0,8195	2,0984	0,9836	0,9895	0,7300	2,0822	0,4669	1,7691	0,5539	0,9435	1,7727	0,7251	0,7160	1,9075	1,7207
Cathartidae	Cathartes aura	81580	S	TN	0,2492	2,1652	1,7739	1,2862	1,4481	1,0667	2,2420	1,2248	1,2217	0,9425	2,2183	0,7832	1,9097	0,8579	1,1781	1,8410	0,9340	0,9299	2,0703	1,7962
	C. aura	84397	S	TN	0,2201	2,1604	1,7608	1,2667	1,4476	1,0966	2,2369	1,2245	1,2066	0,9708	2,2144	0,7853	1,9040	0,8500	1,1798	1,8253	0,9465	0,9841	2,0615	1,8028
Tytonidae	Tyto alba	66222	FG	TN	-0,3813	1,9831	1,4859	1,0986	1,1816	0,7642	2,0437	0,9590	0,8943	0,6484	2,0212	0,4330	1,6929	0,3962	0,8639	1,7760	0,6758	0,6542	2,0141	1,8390
	T. alba	66223	FG	TN	-0,4889	1,9870	1,4676	1,1271	1,1682	0,7649	2,0473	0,9217	0,8756	0,6444	2,0312	0,3962	1,6995	0,3874	0,8960	1,7738	0,6561	0,6493	2,0172	1,8505
	T. alba	78855	FG	TN	-0,2992	2,0007	1,4679	1,1225	1,1833	0,7825	2,0502	0,9460	0,9138	0,6739	2,0317	0,4425	1,7142	0,4684	0,8681	1,7800	0,7093	0,7059	2,0166	1,8751
	T. alba	79064	FG	TN	-0,3979	1,9857	1,4547	1,1319	1,1729	0,7767	2,0487	0,9227	0,8954	0,6523	2,0306	0,4579	1,7131	0,4116	0,8531	1,7641	0,6749	0,6464	2,0072	1,8713
Strigidae	Bubo virginianus	72511	FG	TN	-0,0799	2,1235	1,6172	1,2263	1,3330	0,9133	2,1529	1,0752	1,0656	0,8300	2,1581	0,6590	1,8200	0,5809	1,0112	1,9099	0,8722	0,8591	2,0891	1,7810
	B. virginianus	84417	FG	TN	0,0187	2,1004	1,5858	1,2141	1,3257	0,8949	2,1535	1,0828	1,0584	0,8069	2,0394	0,6415	1,7942	0,5752	1,0030	1,9056	0,8525	0,8069	2,0680	
	B. virginianus	76759	FG	TN	0,0878	2,1485	1,6358	1,2737	1,3683	0,9465	2,1982	1,1113	1,1014	0,8414	2,1796	0,6875	1,8358	0,6375	1,0406	1,9444	0,9031	0,8848	2,1066	1,8090
	Nyctea scandica	76751	FG	TN	0,1793	2,2012	1,7052	1,2693	1,3986	1,0030	2,2560	1,1361	1,1377	0,9138	2,2397	0,7642	1,9208	0,7093	1,0774	1,9526	0,9058	0,9053	2,0855	1,7403
	N. scandica	79185	FG	TN	0,2172	2,2117	1,7231	1,3651	1,4069	0,9965	2,2630	1,1532	1,1532	0,9042	2,2437	0,7604	1,9338	0,7101	1,0976	1,9661	0,9085	0,9036	2,0816	1,7409
	Strix occidentalis	47929	FG	TN	-0,2596	2,0009	1,5138	1,1345	1,2524	0,8426	2,0465	0,9652	0,9717	0,7308	2,0267	0,5403	1,6917	0,5119	0,9547	1,8319	0,7177	0,7152	1,9871	1,7398
	S. occidentalis	47930	FG	TN	-0,3778	1,9905	1,4914	1,0759	1,2274	0,7832	2,0307	0,9320	0,9469	0,6902	2,0095	0,4928	1,6811	0,4609	0,9460	1,8222	0,6972	0,6849	1,9712	1,7435
	Asio otus	56705	FG	TN	-0,4353	1,9229	1,4323	1,0519	1,1133	0,7152	1,9757	0,8525	0,8445	0,5900	1,9599	0,3617	1,6478	0,3856	0,8597	1,7375	0,5832	0,5694	1,9068	1,6186
	A. otus	56706	FG	TN	-0,5129	1,8771	1,3865	0,9791	1,0814	0,6857		0,8274	0,8344		1,9160	0,3655	1,5926	0,3522	0,8189	1,7075	0,5694	0,5705	1,8766	1,5736
	A. otus	59694	FG	TN	-0,4685	1,9057	1,3934	1,0438	1,0997	0,7033	1,9568	0,8585	0,8500	0,6274	1,9385	0,3802	1,6244	0,3892		1,7357	0,5911	0,6064	1,9027	1,6161
	A. otus	85097	FG	TN	-0,5575	1,9087	1,3909	1,0216	1,0993	0,7160	1,9609	0,8494	0,8567	0,5988	1,9410	0,3483	1,6099	0,3729	0,8543	1,7187	0,5623	0,5599	1,8903	1,6186
	Ninox novaeseelandiae	62832	FG	TN	-0,5157	1,8362	1,3467	0,9047	1,0774	0,6375	1,9042	0,8241	0,8306	0,5378	1,8807	0,3748	1,5618	0,3424	0,8069	1,6778	0,5694	0,5302	1,8812	1,6136
	N. novaeseelandiae	57397	FG	TN	-0,3010	1,9301	1,4309	1,0330	1,1841	0,7443	1,9886	0,9571	0,9375	0,6503	1,9658	0,4969	1,6507	0,4786	0,8791	1,7218	0,6884	0,6395	1,9409	1,5806
	N. novaeseelandiae	62833	FG	TN	-0,4750	1,8712	1,3879	0,9647	1,1143	0,6972	1,9309	0,8722	0,8633	0,5705	1,9078	0,3729	1,5961	0,4216	0,8488	1,7194	0,6335	0,6107	1,9105	1,6432
	Aegolius funereus	44736	FG	TN	-1,0429	1,6861	1,2030	0,8338	0,9420	0,5132	1,7540	0,6571	0,6822	0,4233	1,7364	0,2068	1,3895	0,2833	0,6822	1,5785	0,4639	0,4346	1,7069	1,3595
	A. funereus	44726	FG	TN	-0,8996	1,6629	1,1855	0,8319	0,9375	0,5038	1,7239	0,6618	0,6580	0,4116	1,7021	0,1790	1,3604	0,2330	0,6618	1,5501	0,4518	0,4564	1,6766	1,3391
	A. funereus	44730	FG	TN	-0,9208	1,6801	1,1844	0,8248	0,9128	0,4942	1,7398	0,6503	0,6503	0,3979	1,7183	0,1430	1,3779	0,2355	0,6646	1,5705	0,4409	0,4425	1,6949	1,3426
	A. funereus	44737	FG	TN	-0,9940	1,6773	1,2000	0,8055	0,8943	0,4900		0,6395	0,6609	0,3802	1,7078	0,1553	1,3677	0,2253	0,6551	1,5651	0,4425	0,4409	1,6824	
Upupidae	Upupa epops	46408	FB	TG	-1,1643		1,0857	0,6911	0,9074	0,4857	1,6704	0,7235	0,6946	0,4346			1,3128	0,2148	0,7672	1,3799	0,3945	0,3139	1,5536	1,3412
	U. epops	56497	FB	TG	-1,1798	1,5163	1,0663	0,6656	0,8820	0,4942	1,6542	0,7193	0,6812	0,3766	1,6106	0,1399	1,2927	0,2480	0,7505	1,3709	0,3424	0,2810	1,5527	1,3406
	U. epops	56678	FB	TG	-1,0809	1,5579	1,1166	0,7582	0,9227	0,5353	1,6921	0,7084	0,7226	0,4233	1,6478	0,2068	1,3276	0,2788	0,7528	1,4067	0,3674	0,3579	1,5825	1,3547
Picidae	Dryocopus martius	56955	FB	TN	-0,4685	1,7437	1,2838	0,8585	1,1179	0,7356	1,8168	0,8893	0,8938	0,6395	1,7727	0,3636	1,4947	0,3655	0,8102	1,6395	0,6675	0,6355	1,7503	1,5914
	D. martius	59748	FB	TN	-0,4559	1,7455	1,3019	0,8639	1,1129	0,7356	1,8230	0,8751	0,8971	0,6415	1,7714	0,2900	1,4843	0,4014	0,8082	1,6362	0,6675	0,6243	1,7453	1,5786
	D. martius	59988	FB	TN	-0,4584	1,7445	1,2856	0,9015	1,1159	0,7340	1,8207	0,9149	0,8882	0,6395	1,7686	0,4654	1,4965	0,3997	0,8235	1,6283	0,6464	0,6128	1,7419	1,5891
	D. martius	64701	FB	TN	-0,5003	1,7197	1,3187	0,8686	1,1106	0,7093	1,7989	0,8549	0,8716	0,6274	1,7502	0,3075	1,4636	0,3636	0,8028	1,6138	0,6365	0,5944	1,7296	1,5555
	Colaptes auratus	56373	FB	TN	-0,8996	1,6028	1,1163	0,7482	0,9355	0,5198	1,6754	0,7459	0,7292	0,4487	1,6300	0,0128		0,2014	0,6415	1,4732	0,3892	0,3345	1,6413	1,4621
	C. chrysoides	84071	FB	TN	-0,9547	1,5937	1,0857	0,7300	0,9494	0,5238	1,6716	0,7226	0,6937	0,4265	1,6267	0,0374	1,3265	0,2765	0,6284	1,4739	0,4014	0,3766	1,6383	1,4694
	Picoides tridactylus	56772	FB	TN	-1,1772	1,4420	0,9633	0,5276	0,7959	0,4362	1,5013	0,5717	0,5888	0,3444	1,4586	-0,1675	1,1898	0,1492	0,5224	1,3553	0,3503	0,3160	1,4890	1,3218
	P. tridactylus	56806	FB	TN	-1,1720	1,4447	0,9042	0,5877	0,8274	0,3874	1,5050	0,5821	0,5682	0,3096	1,4602	-0,1487	1,1875	0,1523	0,5024	1,3627	0,3541	0,2856	1,4888	1,3179
	P. tridactylus	56807	FB	TN	-1,1549	1,4624	0,9042	0,6128	0,8254	0,3945	1,5345	0,5821	0,5966	0,3222	1,4854	-0,0915	1,1940	0,0719	0,5515	1,3897	0,3692	0,3181	1,5254	1,3302
	P. tridactylus	56963	FB	TN	-1,1427		0,9533	0,5809	0,8267		1,5219	0,5900	0,6160	0,3404	1,4804	0,1303	1,2060	0,1553	0,5353	1,3826	0,4082	0,3304		1,3422
Alcedinidae	Alcedo atthis	47194	CF	TN	-1,5575	1,3640	0,6590	0,4200	0,6222	0,2253	1,4685	0,4639	0,4082	0,1139			1,0630	0,0374	0,3927	1,1694	0,1038	0,0899	1,3528	0,9375
	A. atthis	63315	CF	TN	-1,4559	1,3985	0,7210	0,5224	0,6693	0,2625	1,5031	0,5263	0,4624	0,1553	1,4652	-0,0655	1,1072	0,0569	0,4503	1,2117	0,1303	0,1004	1,4064	0,9903
	A. atthis	66027	CF	TN	-1,3925	1,3978	0,7118	0,5024	0,6684	0,3075	1,5069	0,5079	0,4669	0,1761	1,4748	-0,0410	1,1079	0,0043	0,4393	1,1995	0,1523	0,1206	1,4093	0,9930
	A. atthis	71986	CF	TN	-1,4949	1,3674	0,6911	0,3784	0,6325	0,2553	1,4747	0,4800	0,4314	0,1584	1,4475	-0,0555	1,0785	0,0453	0,3820	1,1673	0,1139	0,0682	1,3822	0,9499
	Megaceryle alcyon 	86148	CF	TN	-0,7881	1,6987	1,1461	0,8609	0,9538	0,5855	1,7888	0,7521	0,7825	0,4713	1,7660	0,0969	1,4288	0,3560	0,6712	1,4398	0,3962	0,3711	1,5770	1,0484
	M. alcyon 	86149	CF	TN	-0,8133	1,6936	1,1691	0,8202	0,9435	0,5539	1,7828	0,7597	0,7774	0,4518	1,7574	0,0645	1,4323	0,2695	0,6395	1,4293	0,3617	0,3820	1,5802	1,0704
	Dacelo novaeguineae	57788	CF	TN	-0,6021	1,8467	1,2365	0,9845	1,0881	0,6749	1,9405	0,8500	0,8780	0,5922	1,9141	0,4166	1,5312	0,4564	0,7945	1,5881	0,4983	0,5106	1,7581	1,3938
	D. novaeguineae	62803	CF	TN	-0,4921	1,8277	1,2191	0,9970	1,0777	0,6618	1,9287	0,8363	0,8704	0,6253	1,9038	0,3096	1,5196	0,4886	0,8062	1,5536	0,5079	0,5092	1,7449	1,3901
	D. novaeguineae	62838	CF	TN	-0,6364	1,8397	1,2686	0,9717	1,0704	0,6513	1,9279	0,8591	0,8675	0,5798	1,9051	0,3579	1,5219	0,3598	0,7723	1,5917	0,4786	0,4684	1,7651	1,4030
	D. novaeguineae	62895	CF	TN	-0,5059	1,8224	1,2238	0,9713	1,0715	0,6776	1,9188	0,8376	0,8603	0,5877	1,9006	0,3617	1,5197	0,4914	0,7896	1,5829	0,5238	0,5238	1,7591	1,4050
Coraciidae	Coracias garrulus	56480	FG	TN	-0,7721	1,7253	1,1881	0,7544	0,9518	0,5955	1,8041	0,7490	0,7760	0,5250	1,7790	0,2718	1,4573	0,4048	0,7143	1,4880	0,4133	0,3909		1,3636
	C. garrulus	56485	FG	TN	-0,7905	1,7280	1,1853	0,8162	0,9633	0,5623	1,8080	0,7396	0,7846	0,4503	1,7835	0,2923	1,4714	0,3748	0,7067	1,4969	0,3692	0,3838	1,6404	1,3749
	C. garrulus	56647	FG	TN	-0,7747	1,7512	1,2253	0,8075	0,9881	0,6021	1,8359	0,7604	0,8069	0,4843	1,8098	0,2810	1,4867	0,3365	0,6911	1,5089	0,3541	0,3962	1,6375	1,3799
	C. garrulus	56886	FG	TN	-0,8357	1,7426	1,2058	0,8704	0,9624	0,5809	1,8191	0,7497	0,7889	0,4594	1,7913	0,2788	1,4649	0,3345	0,6964	1,5012	0,3560	0,3838	1,6352	1,3700
Meropidae	Merops apiaster	56655	FG	TN	-1,1952	1,5047	0,9509	0,6551	0,7875	0,4346	1,6054	0,6345	0,6075	0,3711	1,5686	-0,0044	1,2753	0,2068	0,5428	1,2984	0,2381	0,3010	1,4268	1,0697
	M. apiaster	56657	FG	TN	-1,2403	1,4991	0,9069	0,6435	0,7731	0,4265	1,5947	0,6253	0,5888	0,3655	1,5638	0,1004	1,2636	0,1492	0,5315	1,2973	0,1614	0,2041	1,4141	1,0839
	M. apiaster	56659	FG	TN	-1,2441	1,5017	0,9440	0,6929	0,7882	0,4265	1,6009	0,6375	0,5999	0,3692	1,5660	-0,0044	1,2705	0,1847	0,5328	1,2954	0,1644	0,2095	1,4168	1,0693
Falconidae	Falco peregrinus	78840	FG	TN	0,0241	1,9498	1,4991	1,2570	1,2338	0,8876	2,0199	1,0892	1,0715	0,8476	1,9882	0,4183	1,8018	0,6484	0,9576	1,8508	0,8062	0,8274	1,9608	1,7392
	F. peregrinus	78842	FG	TN	-0,1555	1,8904	1,4281	1,2060	1,2084	0,8513	1,9666	1,0370	1,0382	0,7839	1,9315	0,3345	1,7399	0,5966	0,9576	1,8024	0,7686	0,7679	1,9106	1,6929
	F. peregrinus	87160	FG	TN	-0,0937	1,8839	1,4113	1,1942	1,1923	0,8591	1,9542	1,0362	1,0137	0,7889	1,9177	0,3579	1,7277	0,6042	0,9284	1,8095	0,7767	0,7528	1,8933	1,6733
	F. peregrinus	79327	FG	TN	0,0302	1,9614	1,5160	1,2440	1,2560	0,8921	2,0293	1,0931	1,0885	0,8357	1,9957	0,3655	1,8071	0,6365	0,9903	1,8606	0,8195	0,8209		1,7480
	F. subbuteo	56658	FG	TN	-0,6968	1,7334	1,2428	1,0052	1,0065	0,6618	1,7946	0,8537	0,8439	0,5944	1,7622	0,2279	1,5649	0,4378	0,7966				1,7529	1,5193
	F. subbuteo	47028	FG	TN	-0,6289	1,7322	1,2746	1,0162	1,0035	0,6656	1,7909	0,8357	0,8338	0,6355	1,7566	0,2041	1,5680	0,4249	0,7782	1,6328	0,5900	0,5302	1,7490	1,5462
	F. subbuteo	56644	FG	TN	-0,5436	1,7763	1,2842	1,0465	1,0253	0,6580	1,8329	0,8401	0,8463	0,6031	1,7996	0,3444	1,5877	0,4440	0,7882	1,6689	0,5453	0,5453	1,7754	1,5479
	F. subbuteo	56977	FG	TN	-0,6716	1,7509	1,2860	1,0378	1,0187	0,6712	1,8127	0,8401	0,8615	0,6117	1,7815	0,1987	1,5887	0,4233	0,7536	1,6585	0,5403	0,5515	1,7706	1,5517
	F. vespertinus	56483	FG	TN	-0,8239	1,7048	1,2178	0,9440	0,9258	0,5729	1,7601	0,7574	0,7664	0,5378	1,7310	0,1239	1,5069	0,3856		1,5561	0,4771	0,4829	1,6899	1,4672
	F. vespertinus	56486	FG	TN	-0,7520	1,7114	1,1937	0,9258	0,9294	0,5682	1,7733	0,7701	0,7796	0,5515	1,7394	0,1584	1,5379	0,3997	0,6893	1,5688	0,4609	0,4362	1,6872	1,4856
	F. vespertinus	56487	FG	TN	-0,7595	1,6994	1,1864	0,9101	0,9523	0,5763	1,7572	0,7723	0,7753	0,5563	1,7251	0,1367	1,5064	0,4440	0,7284	1,5674	0,4684	0,4914	1,6849	1,4482
Psittacidae	Ara ararauna	39897	CF	TN	-0,1007	1,9040	1,3755	1,1599	1,2263	0,9106	2,0092	1,0200	1,0592	0,7731	1,9773	0,5821	1,7829	0,6618	1,0017	1,7710	0,7796	0,7597	1,8917	1,4912
	Chalcopsitta cardinalis	58701	CF	TN	-0,6289	1,5745	1,0362	0,8055	0,8932	0,5786	1,6221	0,7226	0,7853	0,5289	1,5847	0,2381	1,4608	0,3483	0,7016	1,5634	0,4900	0,5146	1,7288	1,3021
	C. cardinalis	63146	CF	TN	-0,6819	1,5587	1,0078	0,8069	0,8921	0,5490	1,6131	0,7127	0,7597	0,4997	1,5729	0,2175	1,4609	0,3541	0,6911	1,5377	0,4594	0,4564	1,7084	1,3179
	C. cardinalis	63301	CF	TN	-0,7310	1,5666	1,0539	0,7582	0,8797	0,5694	1,6149	0,7050	0,7612	0,5441	1,5684	0,2253	1,4617	0,3598	0,6840	1,5540	0,4886	0,4914	1,7179	1,3265
	C. cardinalis	63206	CF	TN	-0,7595	1,5729	1,0554	0,7612	0,8887	0,5635	1,6190	0,6990	0,7642	0,4871	1,5831	0,2330	1,4764	0,3560	0,6849	1,5534	0,4742	0,4594	1,7284	1,3312
	Trichoglossus haematodus	62873	CF	TN	-0,9386	1,4973	0,8865	0,7218	0,8382	0,4969	1,5432	0,6532	0,7324	0,4362	1,5038	0,1732	1,4143	0,3222	0,6599	1,4840	0,3802	0,3838	1,6423	1,2188
	T. haematodus	62876	CF	TN	-0,8844	1,5042	0,9400	0,7709	0,8370	0,5635	1,5553	0,6365	0,7292	0,4900	1,5099	0,1903	1,4208	0,3674	0,6721	1,4874	0,4425	0,4099	1,6397	1,2368
	T. haematodus	62932	CF	TN	-0,8697	1,5064	0,9518	0,7093	0,8537	0,5478	1,5540	0,6294	0,7226	0,4914	1,5118	0,2227	1,4180	0,3560	0,6618	1,4857	0,4346	0,4249	1,6408	1,2383
	Psephotus haematonotus	57446	CF	TN	-1,2388	1,4045	0,7782	0,5786	0,7474	0,4265	1,4594	0,5132	0,5740	0,3424	1,4216	0,0212	1,3036	0,1875	0,5146	1,3725	0,2900	0,2923	1,5284	1,1520
Cacatuidae	Cacatua alba	82950	CF	TN	-0,1938	1,9136	1,3760	1,1796	1,1767	0,7952	1,9805	0,9274	0,9643	0,6637	1,9540	0,5353	1,6941	0,5340	0,9380	1,7505	0,7076	0,6893	1,9204	1,4487
	Eolophus roseicapillus	57644	CF	TG	-0,4547	1,7912	1,2440	1,0086	1,0682	0,7340	1,8659	0,8561	0,8932	0,6053	1,8357	0,3927	1,6615	0,4713	0,8182	1,6283	0,5211	0,5250	1,8006	1,3288
	E. roseicapillus	60857	CF	TG	-0,4248	1,7628	1,2243	1,0374	1,0712	0,7226	1,8545	0,8597	0,9069	0,6191	1,8173	0,4014	1,6502	0,4728	0,8332	1,6213	0,5453	0,5146		1,3406
Tyrannidae	Tyrannus tyrannus	35764	FB	TN	-1,4089	1,4126	0,8096	0,6170	0,7551	0,3962	1,5736	0,5877	0,5855	0,2504	1,5340	0,0374	1,2613	0,1139	0,4684	1,2999	0,1875	0,1903	1,5013	1,2907
	T. tyrannus	35765	FB	TN	-1,3143	1,3793	0,8035	0,5752	0,7709	0,3962	1,5316	0,6021	0,5866	0,2810	1,4911	0,0453	1,2363	0,1492	0,4771	1,2813	0,1818	0,1959	1,4692	1,2662
	T. tyrannus	35766	FB	TN	-1,3585	1,4188	0,8525	0,5763	0,7686	0,4116	1,5702	0,6561	0,5900	0,2967	1,5343	-0,1308	1,2735	0,1139	0,4914	1,2999	0,1875	0,1239	1,4987	1,2874
	Contopus cooperi 	34637	FB	TN	-1,4237	1,3214	0,7627	0,5172	0,6902	0,3424	1,4789	0,5539	0,5302	0,2305			1,1956	0,0531	0,4456	1,2209	0,1038	0,0934	1,3990	1,1688
	C. cooperi 	36746	FB	TN	-1,5302	1,3021	0,7033	0,5647	0,6794	0,3096	1,4652	0,5038	0,5106	0,2148	1,4255	-0,3665	1,1764	0,0607	0,3979	1,2154	0,1173	0,1239	1,4141	1,1706
	C. cooperi 	50004	FB	TN	-1,5086	1,3006	0,6990	0,5391	0,7300	0,3202	1,4506	0,5465	0,5211	0,2455	1,4104	-0,2676	1,1655	0,1106	0,4346	1,2109	0,1106	0,1072	1,3988	1,1679
Pittidae	Pitta moluccensis	73874	FB	TG	-1,2557	1,5342	0,8555	0,7528	0,8507	0,4393	1,6243	0,6739	0,6365	0,3483	1,5843	0,0212	1,2951	0,2989	0,5478	1,4658	0,3324	0,3636	1,7200	1,6151
	P. moluccensis	73875	FB	TG	-1,3516	1,5302	0,8663	0,6794	0,8573	0,4579	1,6122	0,6758	0,6335	0,4031	1,5715	0,1553	1,2898	0,2175	0,5366	1,4580	0,3598	0,3560	1,7079	1,6037
Corvidae	Corvus corax	59566	S	TGN	0,1553	2,0006	1,5138	1,2227	1,3361	0,9628	2,0726	1,1523	1,1383	0,8716	2,0320	0,4639	1,8240	0,7143	1,0542	1,8598	0,8261	0,7980	2,0654	1,8192
	C. corax	61493	S	TGN	0,1139	2,0021	1,5367	1,1773	1,3551	0,9759	2,0914	1,1605	1,1623	0,8651	2,0540	0,6233	1,8215	0,6955	1,0546	1,8624	0,8156	0,7574	2,0938	1,8510
	C. corax	64779	S	TGN	0,0212	1,9647	1,4667	1,2058	1,3174	0,9248	2,0595	1,1206	1,1146	0,8351	2,0248	0,4265	1,7984	0,7007	1,0112	1,8340	0,7846	0,7226	2,0437	
	Corvus corone	56419	S	TG	-0,2441	1,8444	1,3727	1,0759	1,2256	0,8136	1,9235	1,0611	1,0082	0,7177	1,8804	0,3820	1,6691	0,5563	0,8954	1,7524	0,6599	0,6425	1,9710	1,7792
	C. corone	56471	S	TG	-0,2403	1,8367	1,3487	1,0810	1,1830	0,7987	1,9156	0,9996	0,9881	0,7218	1,8691	0,2967	1,6440	0,6021	0,8681	1,7426	0,6484	0,6345	1,9637	1,7836
	C. corone	56925	S	TG	-0,3410	1,8278	1,3428	1,0200	1,1836	0,8021	1,9080	0,9895	0,9777	0,7143	1,8674	0,3181	1,6541	0,4997	0,8716	1,7310	0,6435	0,6149	1,9517	1,7734
	C. corone	56495	S	TG	-0,2840	1,8449	1,3764	1,0473	1,2122	0,8122	1,9261	1,0133	0,9863	0,7364	1,8840	0,3424	1,6630	0,5465	0,8927	1,7494	0,6665	0,6304	1,9684	1,7800
	Pica pica	56890	FB	TG	-0,6144	1,6676	1,1284	0,7427	1,0611	0,6233	1,7352	0,8756	0,8332	0,5527	1,6796	0,0645	1,4567	0,3997	0,7324	1,6503	0,5575	0,5211	1,8573	1,6997
	P. pica	56913	FB	TG	-0,7122	1,6207	1,1045	0,7694	1,0330	0,5888	1,6938	0,8488	0,8000	0,5340	1,6402	-0,0223	1,4123	0,3522	0,7143	1,6010	0,5276	0,4983		1,6437
	P. pica	59758	FB	TG	-0,5884		1,1787	0,8561	1,1007		1,7597	0,8943	0,8451	0,5809	1,7091	0,0864	1,4817	0,4533	0,7796	1,6562	0,5694	0,5185	1,8617	1,6992
	P. pica	59899	FB	TG	-0,6216	1,6676	1,1714	0,8663	1,0652	0,6590	1,7462	0,8797	0,8357	0,5798	1,6974	0,0453		0,3909	0,7649	1,6313	0,5428	0,4900	1,8436	1,6930
	P. pica	59931	FB	TG	-0,6947	1,6433	1,1455	0,8241	1,0398	0,5966	1,7183	0,8645	0,8102	0,5465	1,6671	0,0253	1,4335	0,3838	0,7412	1,5998	0,5263	0,4928	1,8120	1,6613
	P. pica	56707	FB	TG	-0,6517	1,6384	1,1166	0,8182	1,0298	0,6096	1,7060	0,8451	0,8014	0,5551	1,6492	0,0170	1,4249	0,3243	0,7110	1,6124	0,5527	0,5172	1,8289	1,6715
	P. pica	59759	FB	TG	-0,6615		1,1608	0,8254	1,0519	0,6325	1,7456	0,8733	0,8351	0,5988	1,6958	0,1584	1,4689	0,4233	0,7803	1,6260	0,5211	0,4942	1,8346	1,6833
	P. pica	59930	FB	TG	-0,6021	1,6971	1,2047	0,8739	1,0660	0,6675	1,7736	0,8785	0,8669	0,5988	1,7244	0,1492	1,4944	0,4728	0,7716	1,6529	0,5944	0,5441	1,8558	1,7145
Alaudidae	Alauda arvensis	44634	FB	TG	-1,4318	1,3815	0,8254	0,6345	0,6803	0,3243	1,4994	0,5821	0,5340	0,2945	1,4501	-0,2924	1,2204	0,1790	0,4378	1,2831	0,1430	-0,0223	1,5208	1,3869
	A. arvensis	44371	FB	TG	-1,3851	1,3934	0,8248	0,6263	0,7267	0,3711	1,5152	0,6117	0,5659	0,3032	1,4686	-0,0223	1,2499	0,2175	0,4728	1,2903	0,1492	0,1584	1,5298	1,3800
	A. arvensis	47527	FB	TG	-1,4622	1,4004	0,8698	0,5575	0,6998	0,3692	1,4895	0,5786	0,5198	0,2765	1,4478	-0,1612	1,2025	0,1584	0,4378	1,2943	0,1430	0,1173	1,5169	1,3835
	A. arvensis	47606	FB	TG	-1,3893	1,4011	0,8531	0,5821	0,7316	0,3579		0,5933					1,2299	0,1847		1,2894	0,1492	0,1335		1,4183
	Melanocorypha mongolica	57843	FB	TG	-1,2351	1,4698	0,8639	0,6385	0,7810	0,3856	1,5515	0,6263	0,6138	0,3222	1,5072	0,0334	1,2744	0,1492	0,5276	1,3714	0,2227	0,2041	1,5562	1,4026
	M. mongolica	57846	FB	TG	-1,2204	1,4327	0,8525	0,5659	0,7275	0,3522	1,4955	0,6075	0,5670	0,3181	1,4529	-0,1805	1,2281	0,2695	0,5119	1,3446	0,2529	0,2227	1,5452	1,3957
	M. mongolica	57848	FB	TG	-1,2628	1,4447	0,8627	0,5453	0,7210	0,3729	1,5196	0,5786	0,5705	0,3181	1,4739	-0,2292	1,2345	0,1553	0,4900	1,3636	0,2553	0,2175	1,5564	1,3906
	M. mongolica	59839	FB	TG	-1,3344	1,4302	0,8136	0,5611	0,7243	0,3424	1,5042	0,5775	0,5106	0,2989	1,4735	0,1271	1,2235	0,1959		1,3452	0,2227	0,1790	1,5470	1,3833
Cinclidae	Cinclus mexicanus	33111	FB	ATG	-1,2757	1,3263	0,6849	0,5353	0,7284	0,2945	1,3906	0,5809	0,5211	0,2718	1,3343	-0,2441	1,1741	0,1367	0,4609	1,3015	0,2095	0,2095	1,5768	1,4419
	C. mexicanus	50254	FB	ATG	-1,2441	1,3621	0,7782	0,5403	0,7490	0,3424	1,3976	0,6284	0,5763	0,2718	1,3883	0,0828	1,2274	0,2253	0,5038	1,3337	0,2406	0,2430	1,6249	1,4786
Hirundinidae	Progne subis	45892	FG	TN	-1,2757	1,3231	0,8169	0,6096	0,7657	0,3945	1,4921	0,4800	0,6096	0,3692	1,4597	0,0531	1,2674	0,2856	0,6325	1,2669	0,1399	0,1732	1,4579	1,1767
	P. subis	55860	FG	TN	-1,4547	1,3101	0,8162	0,6503	0,7604	0,3802	1,4928	0,6325	0,5988	0,3243	1,4464	0,0453	1,2368	0,2355	0,6021	1,2728	0,1206	0,1399	1,4703	1,1758
	Delychon dasypus	46966	FG	TN	-1,7077	1,1076	0,6415	0,4548	0,5798	0,1959	1,2885	0,4564	0,4216	0,1492	1,2398	-0,1427	1,0748	0,1335	0,4393	1,0913	-0,0915	-0,0410	1,2749	1,0166
	D. dasypus	46970	FG	TN	-1,6056	1,0986	0,5740	0,3909	0,6181	0,2480	1,2856	0,4346	0,4233	0,1732	1,2266	-0,1024	1,0667	0,2253	0,4914	1,0941	-0,0655	-0,0410	1,3193	1,0531
	D. dasypus	51833	FG	TN	-1,6968	1,1189	0,5798	0,4099	0,6128	0,2430	1,3166	0,4800	0,4298	0,1523			1,0803	0,1139	0,4983	1,1307	-0,0044	0,0086	1,3282	1,0558
	Tachycineta bicolor 	41607	FG	TN	-1,6576	1,1553	0,6474	0,4800	0,6284	0,2553	1,3560	0,5038	0,4564	0,1703	1,3202	-0,0757	1,0849	0,0682	0,4298	1,1486	-0,0132	0,0086	1,3520	1,0678
	T. bicolor	42308	FG	TN	-1,6478	1,1770	0,6551	0,4669	0,6493	0,2765	1,3829	0,5065	0,4969	0,2014	1,3522	-0,1612	1,1189	0,1239	0,4928	1,1389	0,0128	0,0414	1,3473	1,0763
	T. bicolor	42306	FG	TN	-1,6778	1,1575	0,6551	0,4698	0,6365	0,2695	1,3636	0,4955	0,4654	0,2201	1,3272	-0,1427	1,0973	0,1644	0,4786	1,1268		0,0334	1,3179	1,0792
Motacillidae	Macronyx croceus	52793	FB	TG	-1,2757	1,4116	0,7853	0,5132	0,7686	0,3541	1,5096	0,6435	0,5659	0,3424	1,4611	-0,0862	1,2003	0,1790	0,4503	1,3853	0,2227	0,2201	1,6553	1,5558
	M. croceus	52745	FB	TG	-1,3233	1,4198	0,8228	0,6253	0,7738	0,3560	1,5108	0,6628	0,5575	0,3032	1,4621	-0,2219	1,2028	0,1903	0,5011	1,3934	0,2227	0,2201	1,6501	1,5499
	M. croceus	52806	FB	TG	-1,2757	1,4190	0,8162	0,5563	0,8000	0,3820	1,5160	0,6758	0,5729	0,3160	1,4684	-0,2366	1,1827	0,1931	0,5052		0,2810	0,2504	1,6626	1,5677
	Anthus spinoletta	46586	FB	TG	-1,6840	1,2778	0,6902	0,4200	0,6325	0,2253	1,3902	0,4698	0,4314	0,1790	1,3426	-0,1367	1,0748	0,1173	0,3784	1,2111	0,0453	0,0334	1,4717	1,3399
	A. spinoletta	46597	FB	TG	-1,6383	1,3107	0,7619	0,5024	0,6902	0,2833	1,4195	0,5416	0,4440	0,1959			1,0955	0,1072	0,3385	1,2162	0,0719	0,0569	1,4789	1,3444
	A. spinoletta	46610	FB	TG	-1,6383	1,3137	0,7818	0,4728	0,6794	0,3010	1,4237	0,5024	0,4654	0,2430	1,3786	-0,1249	1,1014	0,0969	0,3784	1,2178	0,0756	0,0414	1,4911	1,3537
	A. spinoletta	57992	FB	TG	-1,6576	1,3021	0,7451	0,4914	0,6767	0,2718	1,4155	0,5611	0,4728	0,1959	1,3647	-0,0862	1,0955	0,0374	0,3874	1,2248	0,0934	0,0864	1,4748	1,3460
	Motacilla flava	46234	FB	TG	-1,7670	1,2443	0,6233	0,2765	0,6064	0,1959	1,3751	0,4742	0,4330	0,1461	1,3247	-0,3372	1,0686	-0,0269	0,3503	1,1870	0,0453	0,0253	1,5023	1,3649
	M. flava	48300	FB	TG	-1,7447	1,2368	0,6170	0,3838	0,5786	0,2041	1,3591	0,4456	0,4216	0,1492	1,3241		1,0641	0,0414	0,3483	1,2009	0,0334	-0,0757	1,5099	1,3969
	M. cinerea	44455	FB	TG	-1,7825	1,2490	0,6849	0,4378	0,5694	0,2227	1,3597	0,4997	0,4183	0,1430	1,3222	-0,1367	1,0686	-0,0915	0,3424	1,1853	0,0682	0,0414	1,4450	1,3049
	M. cinerea	44471	FB	TG	-1,7932	1,2355	0,6243	0,4409	0,6107	0,2330	1,3606	0,4698	0,4183	0,1523	1,3153	-0,1612	1,0730	0,1072	0,3365	1,1758	0,0531	0,0212	1,4476	1,3028
Prunellidae	Prunella modularis	44879	FB	TG	-1,7100	1,2240	0,6243	0,3598	0,6010	0,1790	1,2672	0,4378	0,3404	0,1072	1,2175	-0,3468	0,9854		0,3054	1,2408	0,0899	0,0453	1,4709	1,3162
	P. modularis	44880	FB	TG	-1,7423	1,2143	0,7050	0,4346	0,6085	0,1461	1,2716	0,4654	0,3692	0,1106	1,2117	-0,4089	0,9832	-0,1675	0,3243	1,2222	0,1139	0,0682	1,4545	1,3130
	P. modularis	44895	FB	TG	-1,6840	1,2330	0,6857	0,3979	0,6222	0,1673	1,2765	0,4440	0,3579	0,1072	1,2225	-0,3979	1,0030	0,0453	0,3181	1,2562	0,1461	0,0492	1,4760	1,3179
Turdidae	Turdus ruficollis	56784	FB	TG	-1,1192	1,4467	0,8762	0,5798	0,8332	0,4654	1,5578	0,7042	0,6435	0,3856	1,5022	-0,1675	1,2965	0,1931	0,5599	1,4472	0,3444	0,3054	1,6777	1,5196
	T. ruficollis	58048	FB	TG	-1,1002		0,9207	0,6454	0,8549		1,5547	0,7059	0,6590	0,3711			1,2900	0,3160	0,6107	1,4428	0,3243	0,3096		1,5011
	T. ruficollis	59994	FB	TG	-1,1079	1,4545	0,8965	0,6053	0,8122	0,4346	1,5607	0,6857	0,6703	0,4082	1,5143	-0,2518	1,2817	0,2742	0,5977	1,4409	0,2742	0,2577	1,6864	1,5288
	T. ruficollis	58076	FB	TG	-1,0640	1,4620	0,8802	0,6866	0,8395	0,4713		0,7218		0,4048			1,2833	0,2765	0,5855	1,4579	0,3711	0,3464	1,6849	1,5179
	T. iliacus	56570	FB	TG	-1,2403	1,3749	0,8075	0,6212	0,7839	0,3692	1,4738	0,6128	0,5694	0,2788	1,4208	-0,3188	1,2225	0,1430	0,5185	1,3623	0,2601	0,2095	1,5972	1,4447
	T. iliacus	56550	FB	TG	-1,2147	1,3988	0,7903	0,5647	0,7716	0,3892	1,4967	0,6395	0,5911	0,3324	1,4456	-0,1805	1,2448	0,2122	0,5340	1,3972	0,2810	0,2430	1,6294	1,4523
	T. iliacus	59607	FB	TG	-1,1549	1,4007	0,8048	0,6454	0,7980	0,3802	1,5020	0,6542	0,6010	0,3404	1,4455	-0,2007	1,2287	0,1492	0,5065	1,4110	0,2625	0,2625	1,6382	1,4836
	Catharus fuscescens	45998	FB	TG	-1,5186	1,3066	0,7846	0,4969	0,7135	0,2695	1,4216	0,5441	0,5132	0,2068	1,3707	-0,0223	1,1255	0,0607	0,4503	1,3241	0,1271	0,1206	1,5876	1,4716
	C. fuscescens	45999	FB	TG	-1,5834	1,2755	0,6911	0,4166	0,6107	0,2553	1,3771	0,4871	0,4684	0,1790	1,3324	-0,4089	1,0903	-0,0223	0,4031	1,2914	0,1673	0,1206	1,5544	1,4299
	C. fuscescens	46000	FB	TG	-1,6478	1,3139	0,7152	0,4409	0,6551	0,3075	1,4158	0,4330	0,4997	0,2122	1,3845	-0,2219	1,1514	0,0645	0,4757	1,3172	0,1553	0,1239	1,6010	1,4776
	C. fuscescens	46001	FB	TG	-1,5834	1,3371	0,7490	0,5106	0,7084	0,3304	1,4526	0,5527	0,5185	0,2504	1,3988	-0,2596	1,1424	0,0828	0,4771	1,3456	0,2279	0,1614	1,5996	1,4976
Sylviidae	Acrocephalus arundinaceus	56436	FB	TN	-1,4622	1,2940	0,6405	0,3424	0,6425	0,2504	1,3870	0,5146	0,4814	0,1959	1,3393	-0,3566	1,1427	0,1239	0,4200	1,3890	0,2504	0,2122	1,6323	1,4877
	A. arundinaceus	56679	FB	TN	-1,4597	1,2781	0,6085	0,4487	0,6503	0,2175	1,3714	0,4997	0,4487	0,1553	1,3197	-0,3279	1,1156	0,0934	0,3997	1,3543	0,2095	0,1761	1,5924	1,4492
	A. arundinaceus	56685	FB	TN	-1,4789	1,3058	0,6776	0,4942	0,6730	0,2480	1,4031	0,5224	0,4969	0,1931	1,3528	-0,3768	1,1415	0,0864	0,4409	1,3872	0,2175	0,1903	1,6359	1,4937
	Phylloscopus trochilus	44517	FB	TN	-2,0000	1,1149	0,5276	0,3874	0,5478	0,1206	1,2279	0,3802	0,3385	0,0531	1,1703	-0,6778	0,9557	-0,0809	0,2989	1,1252	-0,0362	-0,0269	1,4195	1,2883
	P. trochilus	44518	FB	TN	-2,0044	1,1136	0,5599	0,2900	0,5106	0,1004	1,2430	0,3054	0,3181		1,1967	-0,5229	0,9934	0,0756	0,2765	1,1307	0,0170	-0,0915	1,4254	1,2971
	P. trochilus	44898	FB	TN	-2,0555	1,0737	0,4997	0,1818	0,4814	0,0453	1,1920	0,2788	0,2788	-0,0458	1,1427	-0,4815	0,9310	-0,0809	0,2227	1,1048	-0,0862	-0,1135	1,3922	1,2582
Muscicapidae	Monticola saxatalis	57835	FB	TGN	-1,3279	1,3780	0,8069	0,5623	0,7716	0,3692	1,4897	0,6160	0,5786	0,2900	1,4393	0,0374	1,2340	0,1644	0,5289	1,3714	0,2330	0,1761	1,5959	1,4448
	M. saxatalis	60159	FB	TGN	-1,3439	1,3789	0,8426	0,6064	0,8007	0,3692	1,5072	0,6425	0,5922	0,3404	1,4535	0,0414				1,3631	0,2718	0,2095		1,4288
	Oenanthe oenanthe	44209	FB	TGN	-1,6108	1,2806	0,7694	0,5024	0,6758	0,2529	1,4280	0,4955	0,4969	0,1987	1,3869	-0,2757	1,1452	0,0294	0,4233	1,2584	0,1106	0,0492	1,5518	1,4434
	O. oenanthe	44524	FB	TGN	-1,6364	1,2700	0,7135	0,4742	0,6703	0,2504	1,4067	0,4771	0,4713	0,1614	1,3729	-0,3372	1,1358	0,0682	0,4082	1,2494	0,0899	0,1004	1,5532	1,4436
	O. oenanthe	44525	FB	TGN	-1,5560	1,2847	0,7443	0,5024	0,6561	0,2856	1,4333	0,5092	0,4983	0,2148	1,3932	-0,1367	1,1581	0,1644	0,4298	1,2558	0,1430	0,1038	1,5454	1,4516
	Erithacus rubecula	44883	FB	TN	-1,7852	1,2103	0,6170	0,3284	0,6107	0,2041	1,3158	0,4116	0,3962	0,1106	1,2648	-0,2840	1,0000	0,0128	0,3181	1,2130	0,0414	0,0334	1,5222	1,4171
	E. rubecula	44884	FB	TN	-1,7352	1,1878	0,6274	0,3444	0,6284	0,1492	1,2856	0,4014	0,3874	0,0682	1,2368	-0,3979	0,9809	-0,0969	0,3032	1,2022	0,0645	0,0756	1,4919	1,4038
	E. rubecula	44901	FB	TN	-1,7959	1,1901	0,6222	0,3424	0,5933	0,1847	1,2758	0,3856	0,3560	0,0682	1,2266	-0,3372	0,9567	-0,0915		1,2055	0,0828	0,0453	1,5017	1,4055
Artamidae	Artamus minor	57477	FG	TN	-1,8239	1,2266	0,6325	0,4048	0,6253	0,2833	1,3861	0,4669	0,4564	0,1761	1,3401	-0,4949	1,1035	0,0756	0,3927	1,1310	0,0294	0,0492		1,1307
	A. minor	57539	FG	TN	-1,8539	1,2125	0,6484	0,4150	0,6415	0,2648	1,3788	0,4472	0,4487	0,1703	1,3345	-0,1739		-0,0315		1,1119	0,0334	0,0374	1,3026	1,1153
	A. superciliosus	57688	FG	TN	-1,4145	1,3469	0,7731	0,5502	0,7324	0,3692	1,4516	0,5933	0,5353	0,2989				0,2504		1,2903	0,1903	0,1732	1,4983	1,2878
	A. personatus	57691	FG	TN	-1,4045	1,3135	0,7356	0,5955	0,7300	0,3541	1,4478	0,6117	0,5289	0,2695	1,3945	-0,3768	1,2119	0,2014		1,2707	0,2041	0,1847	1,4751	1,2776
Sturnidae	Sturnus vulgaris	56492	FB	TGN	-1,1249	1,4288	0,8202	0,6042	0,7924	0,4393	1,5200	0,6776	0,6243	0,3945	1,4663	-0,1805	1,2688	0,3243	0,5717	1,4086	0,3181	0,2900	1,6545	1,4685
	S. vulgaris	56493	FB	TGN	-1,1612	1,4301	0,8235	0,6474	0,8055	0,4298	1,5261	0,6523	0,6294	0,3784	1,4654	-0,2007	1,2817	0,3054	0,5478	1,4018	0,3054	0,2788	1,6563	1,4777
	S. vulgaris	56688	FB	TGN	-1,1308	1,4360	0,7853	0,6542	0,7931	0,4393		0,6866	0,6042				1,2813	0,2625	0,5611	1,4143	0,3010	0,2765	1,6586	1,4777
	S. vulgaris	79098	FB	TGN	-1,1643	1,4448	0,7896	0,6831	0,7980	0,4099		0,6893	0,6191	0,3636			1,2842	0,2625	0,5763	1,4223	0,2923	0,3010	1,6668	1,4777
Laniidae	Lanius minor	56649	FB	TN	-1,3645	1,3856	0,8176	0,5403	0,7332	0,3404	1,4847	0,5740	0,5527	0,2718	1,4371	-0,2219	1,2206	0,1367	0,5250	1,3533	0,2201	0,2148	1,5679	1,3916
	L. minor	56650	FB	TN	-1,3979	1,3701	0,7875	0,5587	0,7521	0,3181	1,4688	0,5944	0,5502	0,2553	1,4188	-0,2076	1,1989	0,1239	0,4684	1,3280	0,1987	0,2014	1,5473	1,3591
	L. minor	56651	FB	TN	-1,3625	1,3881	0,7860	0,5502	0,7709	0,3284	1,4857	0,5843	0,5752	0,2648	1,4378	-0,1871	1,2287	0,1303	0,4742	1,3566	0,2122	0,2041	1,5623	1,3863
Paridae	Parus major	38663	FB	TN	-1,8416	1,2307	0,7084	0,3655	0,6444	0,2041	1,2986	0,2945	0,3979	0,1303	1,2601	-0,2596	0,9983	-0,0044	0,3096	1,1864	0,0899	0,0531	1,4401	1,3034
	P. major	46368	FB	TN	-1,8268	1,2143	0,7101	0,4133	0,6425	0,1790	1,2794	0,4330	0,3784	0,0569	1,2299	-0,1871	0,9567	0,0128	0,3365	1,1830	0,0864	0,0294	1,4344	1,2683
	P. major	46511	FB	TN	-1,7852	1,2122	0,7093	0,3997	0,6523	0,1875	1,2851	0,4166	0,3820	0,1106	1,2307	-0,2366	0,9590		0,3385	1,1824	0,1004	0,0645	1,4433	1,2788
Fringillidae	Emberiza schoeniclus	44886	FB	TG	-1,7825	1,2360	0,6580	0,4048	0,6021	0,1875	1,3247	0,4684	0,3874	0,1271	1,2737	-0,3979	1,0212	-0,0362	0,1761	1,1978	0,0453	0,0294	1,4469	1,2903
	E. schoeniclus	44893	FB	TG	-1,6799	1,2524	0,6128	0,3856	0,6375	0,2201	1,3469	0,5159	0,4393	0,1335	1,2945	-0,3279	1,0531	-0,0410	0,3838	1,2079	0,0531	0,0414	1,4376	1,2819
	E. schoeniclus	56856	FB	TG	-1,5686	1,2876	0,6365	0,4048	0,7259	0,2577	1,3742	0,5587	0,4579	0,1761			1,0756	0,0334	0,3784	1,2693	0,1399	0,1173	1,4933	1,3296
	E. schoeniclus	*18940	FB	TG	-1,7959	1,2681	0,7419	0,4362	0,6294	0,2201	1,3477	0,3945	0,4314	0,1761	1,2867	-0,1024	1,0442	-0,0410	0,3243	1,2353	0,1106	0,0792	1,4586	1,2833
	Coccothraustes coccothraustes	57930	FB	TN	-1,2916	1,3713	0,7980	0,5647	0,7774	0,3503	1,4533	0,5966	0,5551	0,2672	1,3962	-0,2676	1,1830	0,1732	0,4983	1,3501	0,2175	0,1903	1,5506	1,3475
	C. coccothraustes	57943	FB	TN	-1,2959	1,3711	0,7135	0,4900	0,7292	0,3674	1,4470	0,6201	0,5575	0,3139	1,3922	-0,2924	1,1813	0,1523	0,5079	1,3464	0,2455	0,2201	1,5383	1,3357
	C. coccothraustes	58079	FB	TN	-1,3170	1,3789	0,7738	0,5966	0,7589	0,3541	1,4598	0,5922	0,5763	0,2967	1,4059	-0,2292	1,1858	0,2041	0,4914	1,3516	0,2672	0,1673	1,5478	1,3522
	Carpodacus erythrinus	43877	FB	TGN	-1,6073	1,2465	0,6551	0,4684	0,6794	0,2279	1,3577	0,4742	0,4639	0,1959	1,3075	-0,3768	1,0941	0,1139	0,3784	1,2350	0,1038	0,0792	1,4747	1,2688
	C. erythrinus	44197	FB	TGN	-1,6576	1,2445	0,6964	0,4955	0,6561	0,2430	1,3491	0,4609	0,4456	0,2041	1,2995	-0,3768		0,1367	0,3424	1,2274	0,1038	0,0828		1,2350
	C. erythrinus	46373	FB	TGN	-1,6091	1,2499	0,6107	0,4409	0,6513	0,2381	1,3426	0,4579	0,4314	0,1399	1,2912	-0,3872	1,0558	0,0374	0,3674	1,2188	0,0756	0,0374	1,4469	1,2565
	C. erythrinus	46370	FB	TGN	-1,6459	1,2350	0,6263	0,3222	0,6075	0,2381	1,3469	0,4564	0,4362	0,1875	1,2982	-0,3872	1,0561	-0,0506	0,3945	1,2191	0,0719	0,0607	1,4504	1,2531
	Quiscalus major	45857	FB	TG	-0,7447	1,6022	1,0191	0,7497	0,9562	0,5289	1,6800	0,8143	0,7513	0,4713	1,6248	-0,0177	1,3959	0,3560	0,6656	1,5834	0,4594	0,4393	1,8317	1,6804
	Q. major	45730	FB	TG	-0,7213	1,6071	1,0009	0,6902	0,9786	0,5198	1,6916	0,8710	0,7642	0,4928	1,6403	-0,0269	1,4120	0,3541	0,6618	1,5868	0,4456	0,4249	1,8406	1,6878
	Q. major	55190	FB	TG	-0,7540	1,6252	1,0667	0,7193	1,0069	0,5328		0,8414	0,7731	0,5065	1,6431	0,2406	1,4254	0,4518	0,6964	1,5945	0,5092	0,4487	1,8536	1,6886
	Sturnella magna	45310	FB	TG	-1,0088	1,4900	0,8621	0,6484	0,8241	0,4440	1,5398	0,7160	0,6138	0,3962	1,4836	-0,0223	1,2413	0,2742	0,8627	1,5031	0,3729	0,3404	1,7397	1,6072
	S. magna	45312	FB	TG	-1,0278	1,4918	0,8621	0,6911	0,8274	0,4298	1,5616	0,6721	0,6253	0,3874	1,5104	-0,1675	1,2808	0,3139	0,8663	1,5092	0,3655	0,3365	1,7563	1,6364
	S. magna	45315	FB	TG	-0,9830	1,5007	0,9222	0,7168	0,8621	0,4378	1,5572	0,7059	0,6233	0,4031	1,5012	-0,0269	1,2644	0,2529	0,8420				1,7452	1,6070